28	3	69.89998299999999	83.648751	42.685296	54.293724	59.237618000000005	0.40918899999999997	0.895766	0.9468719999999999	0.212838	0.508513	4.130557	2.0	21.933273	0.103399	5.0	0.025165	2.917625	4.0	0.01902	4.035444999999999	6.0	0.012544	13.656170999999999	3.0	28.3553	1.552102	6.0	79.038822	13.263292999999999	1.0	0.013171	4.048006	3.0	88.253316	0.626235	4.0	0.15768900000000002	0.9057940000000001	6.0	0.024340999999999998	3.374703	2.0	60.692379	3.74908	1.0	0.040824	13.905102	4.0	0.061749
42	3	3.640911	83.781176	94.96025300000001	50.704188	55.295375	0.5634939999999999	0.6330560000000001	0.749008	0.47682700000000006	0.39038	2.301605	3.0	55.671425	1.34216	4.0	0.012388	3.297791	3.0	0.014418	4.367161	5.0	0.068264	8.866735	3.0	16.614008	1.836259	6.0	64.440338	2.847139	5.0	0.01992	2.3273099999999998	1.0	72.021546	0.428576	4.0	0.010352	1.3462969999999999	6.0	0.066803	3.145635	1.0	83.050067	1.42571	3.0	0.024697999999999998	8.004061	6.0	0.049676
50	3	79.320983	94.108171	75.666286	66.633839	97.350866	0.40686	0.5074850000000001	0.723195	0.367295	0.751672	4.237331	5.0	31.582652000000003	2.056954	5.0	0.013082	3.374711	5.0	0.023087	0.373241	3.0	0.020340999999999998	45.366734	1.0	13.017313	2.042964	1.0	58.534307	8.209158	2.0	0.023755000000000002	1.195211	5.0	56.245989	1.4400979999999999	6.0	0.065664	3.786453	6.0	0.028922000000000003	0.116809	4.0	91.30179100000001	3.8079379999999996	3.0	0.013201	0.8401569999999999	3.0	0.010270999999999999
63	3	72.71879100000001	89.245325	94.755043	99.746774	41.984906	0.15941	0.5635180000000001	0.8556870000000001	0.494547	0.35481999999999997	4.180276	5.0	22.016868	1.1959899999999999	2.0	0.017666	0.8180810000000001	6.0	0.025998	1.28095	2.0	0.020597999999999998	52.217875	2.0	16.911868	1.598357	4.0	55.021511	1.160535	5.0	0.018015	1.559458	2.0	67.210645	1.633917	6.0	0.026483	1.4852889999999999	6.0	0.032979	2.91926	2.0	77.860448	0.196374	1.0	0.011019	7.188532	2.0	0.016524
73	3	75.27926500000001	12.067294	53.153551	83.317278	35.907712	0.41512	0.25172	0.45202299999999995	0.712224	0.945392	3.4704919999999997	6.0	15.122735	0.9659260000000001	4.0	0.015568	3.872464	5.0	0.048566000000000005	2.89007	5.0	0.017399	11.461829	6.0	65.896342	0.903509	6.0	9.688080000000001	2.095905	4.0	0.045233999999999996	0.154151	1.0	21.175189000000003	0.71359	6.0	0.05285700000000001	4.10529	5.0	0.033101	3.907799	5.0	78.416954	3.9647589999999995	5.0	0.024054	11.922682	2.0	0.012963999999999998
75	3	97.905573	28.838571999999996	3.0608049999999998	58.085653	29.681596999999996	0.297896	0.130233	0.9861969999999999	0.444328	0.44495500000000004	4.0415339999999995	6.0	27.038728000000003	1.564843	4.0	0.012061	0.4315	5.0	0.018837	0.203145	2.0	0.029794	53.411913	5.0	98.662582	0.8697809999999999	2.0	78.937275	8.199195	4.0	0.094802	2.030238	4.0	48.691731	0.655888	2.0	0.012739	0.532346	3.0	0.011487	2.448131	4.0	17.287226999999998	1.7554919999999998	1.0	0.011551	8.831828	1.0	0.010713
89	3	33.757753	24.576456	42.184013	59.540456000000006	24.748809	0.468293	0.982735	0.702947	0.364964	0.22212300000000001	2.528106	6.0	74.47069499999999	0.8274870000000001	1.0	0.014105000000000001	3.2603310000000003	6.0	0.239725	4.395551	1.0	0.030420999999999997	36.050149	6.0	18.186111999999998	1.281498	3.0	89.40687	9.205442	5.0	0.014979	0.15173399999999998	2.0	7.582689	1.992793	4.0	0.023315	0.8839459999999999	2.0	0.011444	4.173875	2.0	23.592575	2.857684	5.0	0.016015	14.384049	6.0	0.010976999999999999
97	3	73.82215500000001	8.383083000000001	23.199070000000003	46.397928	90.855646	0.489331	0.175739	0.487126	0.21804099999999998	0.619826	2.46823	4.0	27.675007	2.00778	3.0	0.011867	1.440697	6.0	0.017503	0.092453	2.0	0.010465	52.653723	6.0	34.255944	1.08873	2.0	88.85191800000001	10.206907000000001	6.0	0.027308	1.032721	3.0	92.039399	0.610123	2.0	0.019716	1.018646	2.0	0.031648	4.134348	1.0	86.009947	2.503381	2.0	0.011787	11.810162	1.0	0.024952000000000002
134	3	38.846006	10.726803	70.940552	38.160164	83.522765	0.742923	0.470062	0.145017	0.192773	0.146274	4.703186	2.0	61.771418000000004	0.998748	4.0	0.088671	2.7424779999999997	6.0	0.011962	2.992763	6.0	0.034073	49.11907	4.0	70.412789	1.9699209999999998	5.0	72.729463	5.17545	2.0	0.014788999999999998	1.6686169999999998	2.0	50.383296	0.350149	4.0	0.010296	0.734863	1.0	0.015332	1.777634	3.0	20.580497	3.4059589999999997	1.0	0.017562	5.815594	2.0	0.025231
138	3	12.313258	57.43898000000001	46.122687	34.935789	4.983671	0.291017	0.838857	0.749738	0.51172	0.368155	2.701273	4.0	89.580685	1.077648	2.0	0.01693	0.8469979999999999	6.0	0.018690000000000002	2.77002	6.0	0.052587	9.388479	3.0	61.65129399999999	0.921359	1.0	10.027244999999999	6.818867	1.0	0.08315499999999999	0.313808	1.0	33.911147	1.9267020000000001	6.0	0.018462	2.9114720000000003	2.0	0.339098	3.6306839999999996	2.0	27.943599	4.564101	1.0	0.010829	2.973982	2.0	0.010532
141	3	91.316439	31.309835999999997	15.134032000000001	55.751115000000006	29.164471999999996	0.246617	0.997798	0.152312	0.217986	0.6242989999999999	1.900064	3.0	10.652645	2.0626	3.0	0.0124	0.173504	5.0	0.02043	4.027501	2.0	0.022556	17.00347	3.0	14.495647	0.406492	3.0	91.59151899999999	6.858638000000001	1.0	0.029074000000000003	0.307284	4.0	9.14442	1.544835	5.0	0.023462	2.755018	2.0	0.24589	1.9980950000000002	4.0	83.745356	0.854825	5.0	0.011141	4.91135	3.0	0.010151
192	3	3.584058	53.83271	74.81529599999999	76.137294	38.804051	0.101494	0.51118	0.706767	0.494058	0.584915	4.697156	2.0	49.470762	1.3924299999999998	2.0	0.18271700000000002	2.122768	5.0	0.020048	2.638867	6.0	0.011647	24.172154000000003	5.0	39.704996	1.662282	3.0	38.466017	2.08285	2.0	0.021028	3.0543150000000003	4.0	24.727439	2.022818	3.0	0.026126	2.4072970000000002	3.0	0.047247000000000004	1.4083350000000001	3.0	84.130251	2.004484	2.0	0.010892	12.878097	2.0	0.011959000000000001
198	3	74.444475	62.612876	1.117695	51.772760999999996	59.667543	0.534824	0.9382209999999999	0.23288000000000003	0.70103	0.330408	2.714327	3.0	36.794446	1.0787120000000001	3.0	0.011871	3.788477	1.0	0.011279	1.1476819999999999	4.0	0.019573	54.941581000000006	4.0	6.856171000000001	0.7293310000000001	3.0	26.984353000000002	12.433237	4.0	0.032523	3.29432	4.0	22.972946	0.49047799999999997	2.0	0.011715999999999999	0.124699	6.0	0.012897	4.0309099999999995	3.0	88.802882	4.19184	5.0	0.019625	12.209589999999999	6.0	0.013881000000000001
210	3	99.815623	88.032246	2.093216	53.823457	39.64282	0.403982	0.45544700000000005	0.9808950000000001	0.565643	0.512257	1.60227	2.0	66.964341	0.446583	3.0	0.031423	4.449911	2.0	0.018172	4.599499	1.0	0.011618999999999999	10.244332	3.0	86.219631	0.5696060000000001	3.0	25.132307	7.668908999999999	6.0	0.043345	3.463463	1.0	45.354027	0.434216	4.0	0.011652	3.914338	5.0	0.017106	0.465001	4.0	90.542682	0.94931	3.0	0.010623	6.117856	1.0	0.040543
211	3	24.255059	10.449428	61.111891	53.502807	54.313421999999996	0.6062810000000001	0.727406	0.366354	0.397201	0.470063	1.672495	2.0	7.804152	1.703179	5.0	0.045087	2.342844	6.0	0.017854	4.591183	5.0	0.051579999999999994	58.08226	6.0	59.04566	0.49195200000000006	6.0	93.28275	4.15965	1.0	0.068688	0.610959	4.0	56.511072	1.027832	4.0	0.011454	1.095153	3.0	0.023962	0.095356	6.0	50.305384000000004	0.95504	1.0	0.015286000000000001	1.907617	2.0	0.040046
216	3	6.5794630000000005	34.72032	89.18603900000001	22.908206	58.777294	0.618119	0.10518800000000002	0.810762	0.784459	0.25096199999999996	1.505477	3.0	55.278434999999995	1.602383	6.0	0.014393000000000001	2.782782	2.0	0.01245	2.861355	5.0	0.063222	58.166318000000004	1.0	90.85677700000001	1.456857	3.0	23.891099	4.294937	5.0	0.011604999999999999	0.32947	5.0	55.327343000000006	1.099444	6.0	0.041101	1.965956	2.0	0.010069	4.3221940000000005	4.0	12.098194	2.396226	3.0	0.012995	10.894592	6.0	0.019597
231	3	88.318968	95.205322	79.543477	70.777653	24.924552	0.5686220000000001	0.28872800000000004	0.403072	0.65518	0.854087	2.049557	4.0	33.438186	0.729763	4.0	0.035745	1.774197	1.0	0.015043	3.210787	4.0	0.077186	37.852946	3.0	94.48111899999999	0.697287	5.0	52.602415	8.746663999999999	3.0	0.027288999999999997	1.7267439999999998	2.0	24.215904000000002	1.8427470000000001	4.0	0.01427	0.311184	2.0	0.012922999999999999	3.6774739999999997	2.0	36.565474	1.455336	3.0	0.011715	8.040656	5.0	0.012313
241	3	2.4078150000000003	95.181416	79.359252	69.152153	93.723504	0.77959	0.892437	0.698896	0.8909590000000001	0.800311	0.35728200000000004	2.0	57.658609	0.221687	5.0	0.014412999999999999	1.882332	1.0	0.01185	1.43072	6.0	0.013278	35.015832	6.0	9.673736	0.164218	5.0	3.4597330000000004	12.461982	4.0	0.014025999999999999	0.527065	2.0	16.132434	1.736951	2.0	0.025065	1.619428	4.0	0.025047	1.69238	6.0	64.38238299999999	2.670945	2.0	0.086475	0.621556	2.0	0.023540000000000002
254	3	83.75758	57.035304000000004	20.480045	47.292904	66.70938000000001	0.237627	0.9451440000000001	0.46813699999999997	0.7253609999999999	0.356771	3.617971	4.0	10.356523	1.128242	6.0	0.026637	1.637749	4.0	0.020701	4.217416	2.0	0.017583	45.048654	1.0	46.318737	1.945368	5.0	54.812606	2.255185	5.0	0.022083000000000002	1.205891	2.0	28.504094	0.5450109999999999	6.0	0.036154	0.075537	2.0	0.075103	0.06987	1.0	24.535201999999998	2.099698	6.0	0.023999	3.5398169999999998	6.0	0.03982
257	3	94.64508199999999	90.42498499999999	28.463594	56.502828	26.02713	0.894502	0.377932	0.10231699999999999	0.708962	0.8630040000000001	1.240589	3.0	54.709479	1.996705	2.0	0.011106999999999999	3.403407	5.0	0.010836	0.53494	4.0	0.011306	20.427583	4.0	27.116888	0.279037	4.0	66.285451	0.7082390000000001	3.0	0.011309	2.209947	2.0	80.11036700000001	1.00019	4.0	0.021644	3.620557	2.0	0.050679	3.171724	5.0	58.101077000000004	0.9493030000000001	1.0	0.044672	8.912063999999999	1.0	0.669773
292	3	35.770191	72.156424	89.208834	65.71693	7.812317	0.196129	0.6292810000000001	0.29902199999999995	0.9342020000000001	0.7773180000000001	0.603846	6.0	50.322617	1.5404579999999999	6.0	0.026032999999999997	1.8856529999999998	1.0	0.012572	3.511904	3.0	0.010968	12.338368	3.0	37.489951	1.964537	4.0	14.899651	14.201070999999999	6.0	0.01261	3.7655519999999996	2.0	20.774039000000002	1.4121569999999999	3.0	0.05600599999999999	3.504451	5.0	0.011868	0.12705999999999998	3.0	5.830652	0.212311	1.0	0.032402	12.360853	3.0	0.011524
297	3	91.521654	77.242068	25.050763	36.517461	32.293479999999995	0.652129	0.209727	0.7351270000000001	0.636916	0.53879	3.7216129999999996	6.0	23.570760999999997	2.032848	4.0	0.021152	3.063974	1.0	0.01211	0.998582	6.0	0.014916999999999998	5.780376	6.0	96.577877	1.503929	5.0	92.495257	3.085352	3.0	0.015066	3.982382	2.0	45.9135	0.618961	3.0	0.028000999999999998	4.474286	5.0	0.022628	2.767039	4.0	16.742039000000002	2.378518	4.0	0.028151	6.136347	1.0	0.019932
316	3	30.801356	56.339907999999994	94.307662	87.22218000000001	74.395076	0.43286899999999995	0.849723	0.469107	0.86114	0.38460300000000003	3.619617	4.0	47.767459	0.99203	2.0	0.014329	4.295017	6.0	0.080138	0.47158199999999995	4.0	0.014473	56.110471	3.0	80.371338	2.0035939999999997	3.0	56.808094	7.359966	3.0	0.050209	4.237743	4.0	66.384724	1.267839	4.0	0.019383	1.981689	3.0	0.295365	3.07566	5.0	73.24414499999999	1.418711	6.0	0.019781	8.588845	5.0	0.041002
336	3	92.781711	64.906722	34.855424	51.729914	35.743815000000005	0.8857440000000001	0.9640620000000001	0.577792	0.47956099999999996	0.335834	1.756105	4.0	21.196407	1.897993	6.0	0.105092	1.634862	4.0	0.014636000000000001	1.583725	5.0	0.01115	13.464552	2.0	65.260524	0.854985	6.0	94.788614	0.555081	3.0	0.012875999999999999	4.269618	5.0	51.983836	1.692584	6.0	0.0104	1.839507	5.0	0.015979	4.4755	3.0	85.87122	4.004689	2.0	0.048973	14.095204999999998	4.0	0.025398
351	3	64.887005	14.965842000000002	82.987773	89.36094	94.75359	0.7208140000000001	0.777582	0.393513	0.179284	0.24364699999999997	3.674983	1.0	49.938122	1.816698	6.0	0.021369	1.207993	5.0	0.013368000000000001	0.958572	3.0	0.034618	50.235089	3.0	50.734019	2.064295	4.0	55.804964	11.72414	3.0	0.054596000000000006	3.926693	6.0	83.742949	0.9335180000000001	3.0	0.035677	4.329948	5.0	0.016602000000000002	1.0802049999999999	3.0	28.331640999999998	2.418539	6.0	0.026476999999999997	12.390459	2.0	0.016725
356	3	47.051643	43.69323	27.541845000000002	81.063053	52.539667	0.24615399999999998	0.621222	0.555909	0.331665	0.586267	4.021258	1.0	74.408126	0.163923	5.0	0.015718	3.11237	4.0	0.035062	3.2781839999999995	6.0	0.010703	21.871069	1.0	72.055339	1.289934	5.0	55.67146700000001	2.2402919999999997	3.0	0.026052999999999996	3.041368	1.0	1.5932870000000001	1.860379	2.0	0.013781	1.07029	3.0	0.015378	3.5300910000000005	5.0	30.65878	3.550207	1.0	0.012234	7.946963	2.0	0.025619
378	3	33.089292	93.29383399999999	78.499228	19.550497	12.682195	0.153398	0.46062200000000003	0.997291	0.90128	0.5915239999999999	2.6924669999999997	2.0	40.637611	0.6119399999999999	6.0	0.024044	0.7010270000000001	3.0	0.016027	1.9079959999999998	4.0	0.044944	37.841305	5.0	29.087726	0.803856	4.0	30.420278000000003	9.104688000000001	6.0	0.010185	3.327748	1.0	86.272114	1.0308899999999999	1.0	0.024758000000000002	3.21927	2.0	0.014881	1.6777830000000002	6.0	42.398351	1.832913	6.0	0.010379000000000001	4.90057	6.0	0.021088
383	3	63.52729	32.898339	1.981966	39.990369	36.400023	0.8987860000000001	0.239429	0.693538	0.41351099999999996	0.776283	3.715242	2.0	15.235114999999999	2.0312930000000002	1.0	0.012934999999999999	3.471713	5.0	0.012659	1.154862	5.0	0.06814500000000001	56.189612	6.0	86.834251	1.061001	2.0	72.664956	11.521042	5.0	0.051238	4.539028	4.0	9.248724000000001	0.17931	5.0	0.029802	0.314029	4.0	0.026694	1.8092409999999999	1.0	72.940306	2.133569	6.0	0.016628999999999998	4.1736	1.0	0.06662
404	3	51.210987	40.21168	71.57820799999999	98.552314	81.267609	0.386098	0.5296029999999999	0.679532	0.497889	0.258346	0.838648	6.0	84.066682	0.06574400000000001	1.0	0.07501100000000001	3.2923199999999997	3.0	0.053252999999999995	2.936255	2.0	0.013973	29.860324	3.0	8.246777999999999	1.1764299999999999	4.0	63.84279300000001	5.07714	1.0	0.041247000000000006	4.544036	6.0	34.693024	1.39367	4.0	0.011064000000000001	3.761535	1.0	0.066966	3.4833629999999998	4.0	83.639323	1.191335	1.0	0.013297999999999999	8.599967	1.0	0.011851
415	3	26.175663	20.063435000000002	79.88511	23.135908999999998	41.066472	0.766742	0.787605	0.8607870000000001	0.614322	0.480601	2.987616	2.0	36.543153000000004	0.8406959999999999	5.0	0.030503	3.5349760000000003	6.0	0.018186	3.644884	3.0	0.014726	47.952225	5.0	16.329852	0.585557	6.0	80.207064	9.227556	4.0	0.015354	3.320435	6.0	26.389805	1.31152	5.0	0.029129000000000002	1.05623	6.0	0.010457	1.3917329999999999	1.0	51.863585	3.08278	6.0	0.024045	2.356723	2.0	0.043489
425	3	49.131532	53.540614	57.926061	27.120182	27.502298	0.8475940000000001	0.635633	0.6340060000000001	0.9609049999999999	0.642031	2.1053900000000003	6.0	90.514714	0.866886	5.0	0.075744	1.028462	2.0	0.315619	2.382725	1.0	0.11469700000000001	54.945238	3.0	65.91955	1.9073639999999998	6.0	37.615899	8.157117	1.0	0.196548	2.608852	3.0	37.878287	1.329939	2.0	0.010848	4.046614	4.0	0.012813999999999999	2.90902	3.0	2.836767	0.593047	5.0	0.018503	10.993459	3.0	0.026563999999999997
426	3	59.90005	26.265033000000003	99.671499	94.067402	4.193872	0.8360290000000001	0.699926	0.274609	0.289009	0.178971	0.9378120000000001	3.0	17.03268	0.5844	1.0	0.016766	0.301175	3.0	0.030563	3.6966639999999997	5.0	0.011864	18.114566	1.0	83.413398	1.990334	1.0	44.891849	10.154309	4.0	0.021947	1.7703200000000001	6.0	23.732859	1.717108	3.0	0.01891	3.270683	3.0	0.012979	0.7837729999999999	5.0	4.157704	3.710312	4.0	0.037673000000000005	1.0916860000000002	2.0	0.032751999999999996
433	3	8.249658	9.928726	42.80754	88.890413	62.571039	0.49686899999999995	0.32922399999999996	0.618233	0.229827	0.679211	2.962617	1.0	5.426133999999999	0.5532130000000001	6.0	0.049825	1.7930099999999998	1.0	0.013049000000000002	2.497067	5.0	0.052535000000000005	13.636489000000001	1.0	68.11216	1.9767669999999997	3.0	36.059784	0.362227	6.0	0.015740999999999998	4.206797	5.0	97.653274	1.960305	5.0	0.010849	3.5610980000000003	6.0	0.030713	0.8284879999999999	5.0	31.523854999999998	2.958617	4.0	0.022795	12.601041	4.0	0.021504
452	3	13.258648	47.620461	87.511803	61.351414	40.549807	0.9305120000000001	0.7221380000000001	0.691627	0.24637699999999998	0.686607	0.648547	3.0	86.478347	1.248335	2.0	0.014549000000000001	4.488892	2.0	0.045146	1.1581489999999999	5.0	0.027641000000000002	15.620899	6.0	72.55535400000001	1.8768060000000002	5.0	75.04335	7.147831	3.0	0.015892	0.47476	6.0	9.774164	0.678912	3.0	0.029232	0.439934	3.0	0.01396	1.772248	6.0	15.260446	3.1388990000000003	1.0	0.019482	2.338222	6.0	0.029131
477	3	68.213992	54.166079	8.592613	69.706825	3.799689	0.611217	0.7581100000000001	0.38111100000000003	0.819523	0.306349	3.095526	2.0	52.794238	1.934561	5.0	0.024397	4.497153	2.0	0.031323000000000004	0.413682	5.0	0.036930000000000004	47.490402	5.0	70.771835	0.087019	6.0	40.388847999999996	11.43515	4.0	0.048857	0.748332	1.0	64.280902	0.18829100000000001	4.0	0.013935	1.8554119999999998	1.0	0.014505	2.638137	5.0	36.804759000000004	0.739731	5.0	0.021269999999999997	7.843959	1.0	0.02891
483	3	50.541087	74.747985	90.103976	71.46413199999999	18.200764000000003	0.940533	0.5615859999999999	0.445267	0.40198	0.112881	3.3707089999999997	6.0	43.573357	0.271527	2.0	0.012459	2.838489	4.0	0.0746	0.320385	2.0	0.040919	7.0735589999999995	5.0	38.483948999999996	0.644083	1.0	46.115102	10.470791	1.0	0.11773099999999999	4.525216	2.0	33.977872	1.244294	1.0	0.087164	2.910485	1.0	0.015986	2.9478299999999997	3.0	77.708125	0.197908	4.0	0.013921000000000001	9.353447000000001	4.0	0.034679
485	3	76.57469	97.91399100000001	3.749254	78.74438599999999	34.570814	0.835202	0.56153	0.669447	0.419138	0.560465	3.630784	5.0	92.370356	0.302145	4.0	0.03236	1.952447	1.0	0.015588	3.208133	5.0	0.39971100000000004	55.156659	5.0	55.43930600000001	1.0940459999999999	4.0	74.454713	2.9819869999999997	6.0	0.018174	0.073649	2.0	31.293903000000004	0.973698	1.0	0.010320000000000001	2.484326	2.0	0.013218	3.873254	1.0	50.35006	4.221457	5.0	0.011531	5.761628	5.0	0.01886
522	3	60.326228	42.825888	80.825539	68.700907	51.365080999999996	0.7781020000000001	0.778385	0.835232	0.96854	0.272429	4.469666	4.0	72.32709399999999	0.059471	6.0	0.010478	0.44009499999999996	2.0	0.011561	0.25349499999999997	2.0	0.021167	23.195781	2.0	8.634062	1.386196	6.0	88.62786700000001	4.372335	2.0	0.05522899999999999	2.6385810000000003	6.0	1.8466189999999998	1.268111	6.0	0.010406	3.8405739999999997	2.0	0.012375	1.350216	3.0	8.79745	1.8373009999999999	6.0	0.018666	4.243067	6.0	0.025925
523	3	25.67916	31.442021999999998	50.058632	44.448831	42.869654	0.9388850000000001	0.812281	0.646612	0.42185500000000004	0.779691	0.6346510000000001	4.0	72.54191	1.1014709999999999	5.0	0.038359	2.524253	1.0	0.018596	3.9787160000000004	3.0	0.017386000000000002	59.90243100000001	6.0	3.300213	1.317697	5.0	93.285987	5.836145	2.0	0.036099	3.1322	5.0	43.999047	0.530027	3.0	0.010957999999999999	4.5219510000000005	5.0	0.01555	4.1521550000000005	1.0	8.221427	2.8376650000000003	6.0	0.010543	4.993302	1.0	0.011972
525	3	60.284048	28.369483000000002	36.800362	15.523214999999999	21.071451	0.400282	0.9659409999999999	0.21716	0.191613	0.373871	0.27289800000000003	6.0	61.989757	0.12041199999999999	2.0	0.011976	0.492904	4.0	0.040588	3.999275	3.0	0.012148	53.033522999999995	5.0	61.029851	1.1349719999999999	6.0	54.797307999999994	8.75469	3.0	0.013535	0.500549	4.0	27.615019	1.537315	6.0	0.023359	4.107379	3.0	0.016765000000000002	2.9231689999999997	2.0	15.12884	3.4480730000000004	3.0	0.019256	2.664405	6.0	0.012711
540	3	51.849167	72.26730500000001	46.159609	63.278491	4.422391	0.964785	0.9326549999999999	0.777714	0.89949	0.216365	1.9170349999999998	1.0	80.60522900000001	0.934923	6.0	0.022956999999999998	4.322351	2.0	0.010924	1.276557	5.0	0.017183	34.199182	3.0	98.118365	2.005155	2.0	72.088285	7.437773	1.0	0.018134	3.457107	1.0	3.937376	0.101525	1.0	0.022785	2.288344	2.0	0.01245	4.4298779999999995	6.0	24.456474	0.548369	4.0	0.148555	4.872632	4.0	0.010294
548	3	76.753074	38.679426	18.293681	22.070595	49.243739	0.7176279999999999	0.976766	0.631774	0.14139300000000002	0.183394	3.568769	5.0	22.945349	0.957892	4.0	0.010091	0.89184	1.0	0.010765	0.827091	4.0	0.089073	37.636334000000005	2.0	20.04472	1.5031370000000002	5.0	39.254424	2.6579919999999997	5.0	0.019295	0.08578200000000001	6.0	91.13365999999999	1.1081530000000002	2.0	0.014428	2.0700529999999997	4.0	0.038546	1.11295	3.0	23.643101	1.7254779999999998	1.0	0.015947	9.623733999999999	3.0	0.011082
559	3	46.066990999999994	42.739114	82.052492	84.15776600000001	56.479887	0.373919	0.8878280000000001	0.309105	0.744726	0.29070300000000004	0.253235	1.0	79.147823	1.306039	3.0	0.01237	2.524539	5.0	0.02485	1.975877	3.0	0.040385000000000004	46.488561	5.0	97.73626999999999	1.9229310000000002	6.0	4.348651	2.906016	1.0	0.013153	0.074424	1.0	9.94181	0.627803	6.0	0.06993200000000001	3.180751	5.0	0.045313	0.47813500000000003	4.0	39.523391	4.063962	2.0	0.089689	0.447262	6.0	0.014622999999999999
599	3	23.027945000000003	65.44051400000001	85.871749	64.777288	11.392289	0.156229	0.618637	0.339756	0.5632050000000001	0.9914629999999999	3.195268	5.0	33.64736	0.190687	3.0	0.016298	3.589727	1.0	0.01542	1.7847669999999998	1.0	0.055419	38.968043	1.0	19.893585	1.20805	4.0	52.217673	11.540704	3.0	0.020138	4.2160519999999995	6.0	58.723316000000004	0.256621	3.0	0.029005	0.8964489999999999	1.0	0.05022	3.6308239999999996	5.0	30.948512	2.96789	4.0	0.032187	3.544179	3.0	0.580861
609	3	9.423974000000001	61.86101800000001	66.66586	98.591321	54.889503000000005	0.873741	0.675666	0.151704	0.9757680000000001	0.8225469999999999	1.372457	1.0	3.051376	1.745318	5.0	0.019298	4.105918	6.0	0.03268	1.177767	2.0	0.021551	49.225082	4.0	40.849956	1.968948	2.0	6.76353	9.345446	6.0	0.014707	2.16475	1.0	80.96117199999999	1.8553439999999999	4.0	0.083597	3.2912269999999997	5.0	0.038325	1.473848	6.0	5.745793	1.464086	1.0	0.010198	0.595236	5.0	0.015749000000000003
618	3	57.012639	56.100078	15.322375	65.22117	70.19246600000001	0.31464699999999995	0.94009	0.421022	0.440704	0.615449	3.779992	4.0	98.76975999999999	0.259141	4.0	0.064845	4.13371	3.0	0.030555000000000002	0.9513389999999999	2.0	0.4256	11.79834	3.0	97.438777	0.6993050000000001	3.0	31.131706	0.52658	5.0	0.012239	2.50029	2.0	38.621807000000004	2.04639	4.0	0.034216	2.117895	2.0	0.01355	2.821588	2.0	18.362458	4.164087	1.0	0.12317	5.404148999999999	3.0	0.02576
621	3	7.162362	53.935652000000005	1.8252099999999998	15.600437	68.826491	0.400702	0.717512	0.294093	0.9310139999999999	0.749504	1.724927	3.0	26.989371999999996	1.8972630000000001	6.0	0.339161	0.899126	1.0	0.012064	4.021239	4.0	0.024807	24.286672	6.0	86.866389	1.976849	6.0	47.400971000000006	12.066628	4.0	0.01181	3.5827769999999997	2.0	98.356844	1.6961689999999998	3.0	0.021159	4.2853769999999995	3.0	0.012915000000000001	3.039156	2.0	27.434648	3.210212	1.0	0.079378	1.407881	5.0	0.037492000000000004
622	3	33.931525	45.163696	37.141304999999996	82.023442	77.828778	0.105523	0.802433	0.302724	0.9568979999999999	0.386042	2.932216	1.0	47.292038	0.05326	4.0	0.026258999999999998	2.72403	1.0	0.016602000000000002	3.624222	4.0	0.014813	4.735030999999999	3.0	17.034347	1.730993	3.0	70.779775	2.21373	3.0	0.021115000000000002	0.770559	6.0	48.825106	1.739569	6.0	0.028858999999999996	3.02149	1.0	0.039202999999999995	0.29184099999999996	1.0	50.647481	2.334746	6.0	0.098583	12.8108	3.0	0.012618
642	3	18.313719	44.249404	33.217262	35.040513	34.771964000000004	0.35529499999999997	0.890177	0.9077370000000001	0.104164	0.9314469999999999	1.816254	1.0	61.48099200000001	2.001719	1.0	0.011236	1.946547	4.0	0.01202	0.581221	5.0	0.012617	11.967189999999999	4.0	50.882968	0.398027	2.0	6.504361	0.9044280000000001	5.0	0.011729	2.4925599999999997	3.0	70.22421	1.8330990000000003	3.0	0.014707	0.479915	4.0	0.019715	1.764373	5.0	15.690929999999998	2.637267	6.0	0.010735	2.323315	2.0	0.029374
661	3	49.220931	72.952962	4.392368	19.968107	52.04764	0.626768	0.642641	0.8257049999999999	0.45243500000000003	0.299112	2.611616	5.0	52.902075	0.282618	5.0	0.014097	1.5156100000000001	1.0	0.010883	0.079589	6.0	0.011493000000000001	3.715299	4.0	89.277469	1.873073	4.0	92.359174	0.315744	2.0	0.041879	1.535099	5.0	3.225132	1.023191	1.0	0.040529	0.19551500000000002	5.0	0.010509000000000001	1.9142310000000002	3.0	38.860231	4.066896	2.0	0.026351	2.569115	1.0	0.011342
698	3	62.244882999999994	41.348357	9.120652	96.3175	70.537263	0.967888	0.9749399999999999	0.804801	0.575595	0.963463	4.351244	3.0	85.99508900000001	0.180399	6.0	0.094071	2.6253349999999998	3.0	0.010398000000000001	2.280827	2.0	0.010134	53.330661	1.0	18.76197	1.9411040000000002	3.0	94.347443	12.39766	5.0	0.016222999999999998	0.750921	4.0	82.582355	0.701697	3.0	0.024516	2.91446	4.0	0.035877	4.254707	5.0	88.04961800000001	1.6324610000000002	5.0	0.018175999999999998	9.747589999999999	3.0	0.017138
703	3	12.896218	88.59813	12.310216	59.195416	76.519518	0.115497	0.970626	0.593267	0.668606	0.458397	1.406606	3.0	55.675287	0.232596	3.0	0.15153	4.307924	1.0	0.021242	0.155644	5.0	0.012212	17.991221	6.0	28.227069	1.405454	5.0	81.540826	10.307619	4.0	0.019393999999999998	3.348384	3.0	83.623577	0.24076599999999998	1.0	0.011578	4.366147	4.0	0.010514	1.0228540000000002	1.0	60.94401	0.573054	6.0	0.010526	10.057938	2.0	0.013497
705	3	49.84535	13.234492000000001	1.347676	98.590711	42.066902	0.169654	0.25759099999999996	0.693364	0.896516	0.1085	3.7793879999999995	1.0	43.218067	0.18165599999999998	5.0	0.013828	0.41988000000000003	3.0	0.021141	3.746779	5.0	0.020258	13.208442000000002	2.0	42.317739	0.653991	1.0	36.134178000000006	1.1869299999999998	4.0	0.017759	0.721659	6.0	92.901286	0.956081	5.0	0.01549	1.019874	4.0	0.010754000000000001	0.652187	2.0	68.08265899999999	2.374144	1.0	0.03399	14.000657	4.0	0.010333
718	3	47.312743	38.880390000000006	78.828118	76.661001	76.715789	0.523803	0.778335	0.7459979999999999	0.290058	0.8529469999999999	2.998326	1.0	99.557474	0.345384	1.0	0.010652	2.877271	6.0	0.047836000000000004	1.3889790000000002	6.0	0.016413999999999998	21.829688	3.0	31.5131	1.1218549999999998	3.0	18.096688	9.407575999999999	2.0	0.8554209999999999	4.194563	1.0	3.7364580000000003	0.43163900000000005	3.0	0.065216	1.2598770000000001	3.0	0.025121	3.708496	1.0	43.110468	0.820183	2.0	0.015704	0.6375	3.0	0.011334
719	3	32.10627	86.446268	94.960642	31.260631	4.793718	0.662363	0.367031	0.663004	0.389579	0.444984	3.9912419999999997	2.0	7.821356	1.098958	4.0	0.017783	2.61921	6.0	0.044219999999999995	0.352853	3.0	0.016538999999999998	40.147172	5.0	67.742299	0.289081	5.0	66.711637	10.150555	4.0	0.02975	2.831966	4.0	32.960614	1.195606	6.0	0.09684	3.169069	2.0	0.040049	4.372766	4.0	5.973914	0.544378	2.0	0.01595	13.029764	2.0	0.059377
732	3	45.978919	77.899422	40.536929	35.847433	44.288101	0.258245	0.42119399999999996	0.49842299999999995	0.272887	0.8436530000000001	3.50251	3.0	39.328355	0.8733489999999999	2.0	0.159961	1.495276	1.0	0.021416	3.7681050000000003	6.0	0.043815	34.979942	2.0	3.5493550000000003	1.2984719999999998	6.0	76.308687	2.220838	4.0	0.01212	3.9671980000000002	3.0	54.275968999999996	1.593066	6.0	0.020104	2.029178	3.0	0.049444999999999996	1.9773939999999999	3.0	15.815956	1.503341	1.0	0.011576999999999999	8.421402	5.0	0.036569
773	3	23.114437	53.946109	79.234153	93.442673	90.777904	0.9161959999999999	0.712971	0.5498529999999999	0.276717	0.397138	3.126419	6.0	5.650362	1.218917	4.0	0.178978	1.056123	6.0	0.037981	1.332814	5.0	0.048746	33.591285	6.0	20.320748000000002	1.5961530000000002	6.0	84.638198	1.7604330000000001	3.0	0.012523000000000001	0.403202	1.0	82.105176	0.565539	6.0	0.225987	2.4817150000000003	4.0	0.017833	0.34371	2.0	65.859838	2.750033	2.0	0.023194	1.612009	5.0	0.042322000000000005
780	3	10.072467	24.711868	5.111657	13.185567	46.709564	0.6649649999999999	0.9837229999999999	0.664651	0.450125	0.166302	4.0685839999999995	5.0	16.780867	1.068563	5.0	0.022340000000000002	3.127465	3.0	0.11944500000000001	0.194071	4.0	0.010820999999999999	18.668407000000002	6.0	44.652648	0.866296	3.0	79.087499	3.153832	5.0	0.058059000000000006	3.120327	6.0	85.50601999999999	0.524199	4.0	0.010341	1.019849	6.0	0.020644	3.9519800000000003	5.0	19.048019	3.8145290000000003	6.0	0.020073	6.867208	6.0	0.11159300000000001
836	3	19.008543	13.526442000000001	6.119016	49.672889	32.274104	0.645543	0.645021	0.411629	0.834426	0.775414	1.9001860000000002	1.0	49.566958	1.344173	4.0	0.017814	2.959654	3.0	0.033770999999999995	1.998484	3.0	0.012171	27.580990000000003	2.0	64.44717299999999	0.793358	4.0	57.568791000000004	9.003939	5.0	0.010053	1.7692880000000002	1.0	25.679505	0.307102	6.0	0.010501	3.4700260000000003	3.0	0.016613	3.713745	4.0	82.330499	2.0786689999999997	4.0	0.012971000000000002	5.056223	5.0	0.029073
847	3	69.38602	16.04699	69.087971	97.645688	35.720315	0.43295900000000004	0.802	0.621221	0.179759	0.5815319999999999	3.80381	5.0	14.952314999999999	1.6403189999999999	3.0	0.469528	2.357503	2.0	0.021015	2.851754	3.0	0.033643	49.493652000000004	3.0	58.42710400000001	0.605773	5.0	93.755599	6.224944	5.0	0.026291000000000002	2.096453	3.0	50.551066999999996	1.488267	4.0	0.028441	2.567377	6.0	0.016499	4.467011	3.0	58.079924	3.1932720000000003	2.0	0.010098000000000001	9.870785	3.0	0.012062999999999999
851	3	64.260937	6.838392	24.924612	17.983732	75.28599399999999	0.356516	0.386702	0.966166	0.100009	0.304489	4.634983	2.0	43.751913	1.313755	6.0	0.016853	2.142498	5.0	0.01264	0.9261440000000001	4.0	0.011221	20.775222	1.0	37.121918	0.698975	3.0	51.168349	13.611995	2.0	0.06205499999999999	1.37079	5.0	11.734093	1.942767	2.0	0.013073	2.6716159999999998	1.0	0.012567	2.1609990000000003	4.0	53.673269999999995	0.38743299999999997	2.0	0.01492	1.309384	6.0	0.114621
859	3	7.410686	28.287094	94.917273	30.439405999999998	7.783030999999999	0.878381	0.170533	0.173717	0.691142	0.632892	3.5165050000000004	5.0	57.405418000000004	0.398971	2.0	0.014822	0.539797	3.0	0.14459	4.430401	3.0	0.055484000000000006	39.085987	5.0	3.162785	1.938753	2.0	19.276954999999997	0.33368600000000004	4.0	0.033218	4.520436	4.0	31.376178999999997	1.9559099999999998	2.0	0.030273	3.9342019999999995	3.0	0.041757	2.759757	6.0	16.77055	0.923551	6.0	0.016426	5.516567	6.0	0.010379000000000001
861	3	18.3117	59.879036	5.07871	4.704078	88.00227	0.77086	0.153636	0.277958	0.559136	0.523416	3.516607	1.0	84.589897	0.032625	6.0	0.028587	4.220453	3.0	0.018129	4.68173	3.0	0.014903	5.027639	5.0	86.16335500000001	1.3337	6.0	91.69730799999999	6.466623	5.0	0.013681	4.465644999999999	5.0	45.247368	0.614546	5.0	0.019790000000000002	3.616224	4.0	0.026054	0.49197399999999997	5.0	69.093752	3.725804	5.0	0.016084	8.248697	2.0	0.019452
889	3	55.120183	92.097091	15.918364000000002	92.969828	73.569728	0.991655	0.111944	0.286235	0.447172	0.364188	1.8469400000000002	2.0	6.114485	1.440503	6.0	0.056079	1.741557	2.0	0.027327999999999998	2.890589	1.0	0.02054	12.133953	4.0	97.385245	0.548791	6.0	89.196061	1.9624580000000003	4.0	0.031719	1.2595690000000002	2.0	96.860741	2.027038	3.0	0.076309	3.739378	6.0	0.014215	0.8502209999999999	1.0	14.189429999999998	3.2801139999999998	3.0	0.031079000000000002	13.219871	5.0	0.013725
906	3	31.891741999999997	4.141456	53.31895	53.671130000000005	22.231092999999998	0.487817	0.113152	0.966873	0.962037	0.804769	1.7859880000000001	3.0	65.276292	0.16497699999999998	4.0	0.010465	1.167027	5.0	0.015609999999999999	2.598765	5.0	0.01277	45.674887	5.0	58.891695999999996	0.6093810000000001	5.0	33.622974	2.959564	2.0	0.014424000000000001	3.5267730000000004	3.0	1.62017	0.8605889999999999	5.0	0.020205	4.129557	6.0	0.041181999999999996	4.060082	6.0	67.923855	1.8141900000000002	2.0	0.014819	5.921001	5.0	0.066345
929	3	59.108771	58.667063	7.8828130000000005	22.424279000000002	84.77510600000001	0.261351	0.8882680000000001	0.744101	0.404844	0.220408	2.863638	2.0	11.167438	1.136572	4.0	0.033865	1.457254	1.0	0.016155000000000003	4.089149	1.0	0.015957	21.164122	6.0	25.782795	1.660475	4.0	46.634122	6.0379629999999995	1.0	0.011239	2.347899	1.0	86.203214	1.118865	4.0	0.100148	3.7153519999999998	6.0	0.015849000000000002	2.2807779999999998	6.0	89.204925	1.424525	4.0	0.013144999999999999	11.867556	3.0	0.024268
939	3	87.318239	96.675476	82.05711099999999	76.53679	31.356481	0.718113	0.9425690000000001	0.53517	0.455633	0.9699139999999999	4.171821	3.0	65.949961	0.869423	6.0	0.017653	1.4643540000000002	1.0	0.017933	3.247048	5.0	0.022461000000000002	42.196196	3.0	83.37473299999999	1.658137	4.0	10.76377	0.451142	5.0	0.011091	2.656491	3.0	31.30592	1.621953	6.0	0.015412	0.105852	2.0	0.01701	1.402717	3.0	30.931267	2.070971	6.0	0.021085	6.005174	2.0	0.034648000000000005
949	3	70.15647299999999	88.63878100000001	12.113412	46.182773	76.226343	0.154672	0.968319	0.826758	0.544006	0.239344	4.461034	1.0	18.536576	1.094891	5.0	0.027605	4.400533	3.0	0.010426999999999999	0.591729	1.0	0.014622	53.320686	2.0	98.858962	2.065552	5.0	13.913820000000001	14.166448999999998	2.0	0.100728	1.367758	4.0	14.644654000000001	1.6602689999999998	6.0	0.015788999999999997	0.501617	6.0	0.028931000000000002	3.980294	5.0	40.107065000000006	2.361507	4.0	0.010613	13.130054999999999	5.0	0.065318
958	3	51.764109999999995	15.964432	71.089752	30.672147	75.700342	0.30445500000000003	0.21188200000000001	0.416087	0.325104	0.31681	2.119679	6.0	7.683313	1.0276530000000001	1.0	0.010529	1.236864	3.0	0.015588	4.257045	4.0	0.01227	55.793193	4.0	25.240856	1.827307	4.0	59.361045999999995	3.3643099999999997	2.0	0.016741	3.265066	4.0	51.386962	0.653436	5.0	0.013018	2.303698	2.0	0.101905	1.7271029999999998	6.0	6.243608	0.66693	1.0	0.018647999999999998	3.044734	1.0	0.010976999999999999
991	3	20.728059	65.900802	40.133226	67.346064	28.840003000000003	0.983194	0.294002	0.702553	0.844226	0.138295	1.423441	4.0	43.34553	0.8008460000000001	5.0	0.06027999999999999	4.221255	1.0	0.014802000000000001	1.810848	2.0	0.012247	50.786547999999996	2.0	2.086394	1.43239	4.0	93.053786	0.787672	2.0	0.013944	3.3165	1.0	91.071961	0.226285	4.0	0.010479	1.65173	3.0	0.15595	0.968249	2.0	16.324031	1.392655	3.0	0.050270999999999996	7.466871	3.0	0.011127
1018	3	27.385002000000004	32.674964	96.690786	91.371039	52.80653	0.24968800000000002	0.80411	0.9826309999999999	0.70615	0.12774100000000002	4.057291	1.0	60.20503299999999	1.285077	4.0	0.012588	1.588169	6.0	0.03319	3.400936	5.0	0.013562000000000001	31.610321999999996	4.0	49.480090000000004	1.582714	3.0	46.138290999999995	1.8336150000000002	3.0	0.015896	4.597758	6.0	70.061537	1.217811	4.0	0.013978999999999998	1.0526520000000001	6.0	0.038395	2.5929029999999997	6.0	32.698015999999996	1.534124	5.0	0.077511	14.003585999999999	6.0	0.050232
1049	3	44.771739000000004	99.888518	23.970679999999998	92.870106	79.546491	0.834362	0.116309	0.555804	0.985511	0.72836	1.9064419999999997	1.0	27.405403000000003	0.272461	6.0	0.195403	1.325748	4.0	0.025268000000000002	4.305482	1.0	0.026101	25.762579000000002	4.0	64.517746	1.132088	3.0	73.152899	2.722452	3.0	0.014015000000000001	3.1958849999999996	5.0	42.511547	0.932841	3.0	0.034407	1.8987919999999998	1.0	0.023856	2.7239	2.0	31.271428000000004	0.472513	2.0	0.017294	3.738059	2.0	0.096414
1073	3	4.853521	11.608915	58.679936	19.90372	58.241403000000005	0.330529	0.739452	0.812185	0.913934	0.205377	1.491128	3.0	40.361389	0.16151500000000002	6.0	0.023003	3.2974059999999996	6.0	0.018982	4.179439	3.0	0.034210000000000004	44.677654	1.0	60.997080000000004	0.965117	6.0	66.51872	7.493857000000001	5.0	0.022927	3.120917	1.0	30.309706	0.611838	1.0	0.034208999999999996	2.101459	6.0	0.010817	2.698371	4.0	32.018049	3.047562	5.0	0.010013	14.486006	3.0	0.010706
1077	3	19.108719	99.58894599999999	8.200472999999999	9.417026	70.848674	0.362556	0.757817	0.48194499999999996	0.941824	0.7163579999999999	3.3653839999999997	3.0	95.779386	1.8718270000000001	1.0	0.012487999999999999	0.99954	2.0	0.011955	0.142629	4.0	0.027411	10.242381	4.0	63.487101	1.742525	6.0	33.608359	6.781623	4.0	0.017292	3.905539	2.0	68.749493	1.746012	3.0	0.025511000000000002	2.194515	2.0	0.03547	3.4914440000000004	3.0	95.403628	0.224852	5.0	0.012234	0.468605	1.0	0.018416
1078	3	21.475564000000002	60.389377	33.489985	50.075219	8.156022	0.24201199999999998	0.284575	0.270883	0.418439	0.164664	4.729327	3.0	57.146339000000005	1.379836	5.0	0.026045999999999996	3.202899	2.0	0.030958	0.950724	3.0	0.010415	35.628477000000004	6.0	66.494203	1.3480860000000001	1.0	34.191256	7.848133	4.0	0.012071	0.982749	2.0	73.119117	0.6090810000000001	2.0	0.04044	2.900032	4.0	0.012655	4.578616	3.0	67.02465	1.096729	5.0	0.047366000000000005	8.311245	1.0	0.049249
1092	3	51.641245	85.536392	83.383933	66.320902	38.716597	0.536644	0.7663449999999999	0.633513	0.41356499999999996	0.7706609999999999	2.788737	4.0	84.328938	2.021201	1.0	0.017818	1.58146	6.0	0.024342	4.06416	6.0	0.031101999999999998	4.629277	2.0	15.351752	0.44206999999999996	3.0	21.503732	0.707368	4.0	0.012408	2.5916040000000002	5.0	29.449666999999998	1.4121709999999998	5.0	0.013538	1.5344	1.0	0.01025	2.30025	3.0	12.132132	1.903763	6.0	0.044712	11.787239999999999	6.0	0.014469999999999998
1129	3	57.732742	95.404523	65.08556899999999	7.645737	53.594436	0.686403	0.508081	0.764191	0.551366	0.683847	2.961636	3.0	15.033875	1.631124	4.0	0.010293	0.127803	6.0	0.055314999999999996	1.014049	2.0	0.034033999999999995	49.997246000000004	2.0	35.588609000000005	1.386332	4.0	31.529861	2.4384740000000003	6.0	0.027623	4.237013	1.0	5.137859	1.103999	6.0	0.023372	0.74953	6.0	0.159402	2.74932	5.0	77.879599	0.6577649999999999	4.0	0.064277	12.542982	3.0	0.015544999999999998
1160	3	36.221321	73.71293	35.312408000000005	56.079662	1.524291	0.41916499999999995	0.22312800000000002	0.303748	0.849824	0.22574499999999997	1.3520450000000002	3.0	92.248903	1.542305	5.0	0.015431	2.679182	6.0	0.027456	3.0387009999999997	6.0	0.07082999999999999	21.114918	4.0	5.4108220000000005	0.480571	4.0	99.673896	5.230857	4.0	0.011746	1.9004419999999997	2.0	39.676142	1.094004	4.0	0.015378	1.924247	3.0	0.011468	1.701914	3.0	69.24286500000001	1.3211979999999999	1.0	0.27820700000000004	6.806299	5.0	0.020058000000000003
1163	3	76.961846	81.990574	33.262889	64.22612600000001	13.635198	0.761091	0.703516	0.606869	0.86556	0.14849600000000002	0.9459620000000001	2.0	10.550392	0.8994770000000001	6.0	0.010683	0.714747	4.0	0.011897	0.117426	5.0	0.057214	31.621636	6.0	56.704205	0.9422389999999999	4.0	40.563204	8.622807	5.0	0.018598	3.96975	3.0	43.004196	0.20266900000000002	6.0	0.016748	1.039469	6.0	0.025748000000000004	4.3860470000000005	5.0	88.601569	0.394124	2.0	0.046005000000000004	7.5418449999999995	3.0	0.043282999999999995
1168	3	25.626317999999998	80.31594399999999	58.857310999999996	75.566937	75.579751	0.23805	0.170811	0.739267	0.60173	0.244794	2.234972	4.0	72.684426	1.522374	5.0	0.039293	0.800013	3.0	0.01665	2.144136	2.0	0.01145	27.172095000000002	3.0	80.86067800000001	0.309201	6.0	95.61031	6.923083999999999	6.0	0.011786	0.977549	6.0	75.098027	0.269	5.0	0.036597000000000005	3.5922089999999995	4.0	0.101977	3.219709	3.0	94.55755400000001	0.7207399999999999	5.0	0.033364	12.990812	5.0	0.021953
1178	3	98.46938399999999	27.07613	65.345476	83.487786	98.798553	0.856667	0.6627689999999999	0.948464	0.336621	0.782488	2.760222	6.0	42.90439	0.368298	3.0	0.046968	1.875884	5.0	0.020855000000000002	3.532061	1.0	0.065537	59.312113000000004	4.0	19.663957999999997	0.875109	6.0	45.522329	7.413189	4.0	0.022727	1.206721	1.0	78.644787	1.566344	4.0	0.016262000000000002	0.5781689999999999	6.0	0.014854	0.38703699999999996	4.0	80.57681600000001	3.173885	6.0	0.010062999999999999	0.936581	4.0	0.086227
1191	3	21.044684	18.287513	81.675364	74.551773	7.744574000000001	0.682862	0.562695	0.6528189999999999	0.416067	0.7965399999999999	0.957407	1.0	93.905393	0.930062	5.0	0.041467000000000004	2.3156369999999997	2.0	0.011644	2.74717	3.0	0.036696	7.776722	4.0	60.10689300000001	1.8738029999999999	4.0	93.500861	12.476734	2.0	0.017266999999999998	0.5945199999999999	3.0	34.426458000000004	1.115191	6.0	0.014366	3.672714	1.0	0.022643	1.4144809999999999	4.0	78.798006	2.447896	1.0	0.012345	8.815271000000001	1.0	0.021368
1196	3	99.951325	63.037287	26.121512	49.274048	39.469096	0.442288	0.756846	0.204036	0.585566	0.953125	0.329521	5.0	15.659179	0.148061	5.0	0.010721	2.217803	1.0	0.011842	3.161047	6.0	0.12341400000000001	30.737565999999998	3.0	63.547681999999995	0.9900639999999999	6.0	12.218717	14.406648	2.0	0.012283	3.017671	1.0	54.001606	0.187676	6.0	0.016162	3.837925	2.0	0.029214999999999998	2.722829	3.0	16.103771	0.30699499999999996	2.0	0.018526	6.7600240000000005	4.0	0.019312
1216	3	20.88734	64.511477	23.029839000000003	88.45430400000001	91.656318	0.934334	0.5737300000000001	0.6695909999999999	0.13311900000000002	0.502412	1.938172	5.0	5.674182	1.920564	1.0	0.022384	0.465737	3.0	0.011643	4.498286	5.0	0.010864	48.327639000000005	2.0	71.787692	1.68823	5.0	70.995361	9.753681	3.0	0.013224000000000001	1.950822	3.0	73.92143100000001	2.005775	4.0	0.023836000000000003	0.40383800000000003	5.0	0.024594	4.384626	3.0	8.989831	1.047169	4.0	0.18468099999999998	14.111118	6.0	0.12803900000000001
1245	3	79.764494	82.110036	7.530989	55.662367	50.123591	0.959317	0.331254	0.400944	0.393977	0.8920469999999999	0.06882100000000001	1.0	56.49392099999999	0.380744	1.0	0.023235	3.4837339999999997	6.0	0.011623	3.228663	6.0	0.039896	14.465323000000001	6.0	24.114048	1.6967470000000002	6.0	58.239486	12.074262	2.0	0.043512	0.831318	5.0	86.330021	1.014724	4.0	0.013966999999999999	2.759233	6.0	0.042812	1.808773	1.0	49.366161	3.533857	2.0	0.025994	13.060911	3.0	0.026299
1247	3	43.2286	98.21664	1.361605	3.891061	3.495807	0.655311	0.492413	0.355788	0.80286	0.466128	1.029347	1.0	45.160953000000006	0.549089	1.0	0.214484	1.219283	3.0	0.010195000000000001	3.6563519999999996	1.0	0.017623	5.386726	2.0	24.858367	0.9107	5.0	43.819885	1.24244	5.0	0.015191999999999999	1.883852	4.0	37.86246	0.866066	6.0	0.016104	2.377869	3.0	0.015356999999999999	2.090463	6.0	4.688393	2.09287	5.0	0.031983	9.401402000000001	6.0	0.013064
1251	3	13.647278	47.106983	55.449691	42.075945000000004	5.616103	0.611817	0.542234	0.83062	0.866826	0.30869800000000003	3.66491	5.0	10.107426	1.0916629999999998	4.0	0.037153	1.290302	6.0	0.010997	0.12923800000000002	6.0	0.056305999999999995	14.126969	3.0	38.267267	2.036098	3.0	44.019639	0.823335	3.0	0.022193	4.464484	4.0	85.939585	1.266677	1.0	0.024839	3.287385	2.0	0.013561000000000002	0.32865900000000003	6.0	84.569839	2.571403	6.0	0.018494	6.909213	3.0	0.017594
1266	3	34.257385	7.122379	49.228747999999996	96.14780400000001	46.498996000000005	0.159058	0.560832	0.163472	0.465203	0.865193	4.422868	6.0	74.320045	1.247788	6.0	0.040237	1.957641	4.0	0.030591000000000004	1.650138	4.0	0.011748999999999999	43.144472	3.0	49.082157	1.093393	5.0	98.871868	13.850714000000002	5.0	0.010048999999999999	3.285443	1.0	39.743688	1.296619	4.0	0.21542600000000003	1.670837	5.0	0.012365000000000001	1.037309	5.0	40.061114	0.10275799999999999	6.0	0.020069	2.5909240000000002	3.0	0.011043
1273	3	70.05462800000001	82.276539	4.810286	13.875181	26.382253000000002	0.835857	0.9765590000000001	0.708955	0.648703	0.148325	3.653463	1.0	55.140364	0.7877430000000001	1.0	0.01057	0.927485	6.0	0.015248	2.012388	4.0	0.022844999999999997	8.638913	4.0	3.891393	1.973972	6.0	84.77585400000001	13.997504999999999	3.0	0.24464699999999998	3.6852410000000004	4.0	79.94872099999999	0.763757	3.0	0.014552	3.3715919999999997	1.0	0.010603	1.261906	5.0	24.061201999999998	1.797679	4.0	0.023052	9.916754	1.0	0.357423
1289	3	19.866641	9.779601	60.216652	83.31364	57.770148999999996	0.309332	0.564116	0.468451	0.414234	0.270635	1.9014970000000002	5.0	77.99708000000001	1.724684	2.0	0.025598	1.888855	4.0	0.012407	1.963165	5.0	0.015171	19.077572	2.0	31.666127000000003	0.483117	6.0	40.078452	0.589539	4.0	0.030425999999999998	3.343552	2.0	40.771249	1.593501	5.0	0.026726999999999997	2.6956729999999998	3.0	0.014197999999999999	1.7868169999999999	4.0	43.131658	3.585703	5.0	0.014199000000000002	2.859101	1.0	0.029106
1293	3	53.960714	3.3559410000000005	79.401066	94.174318	95.197342	0.8597950000000001	0.3723	0.441738	0.523304	0.767672	2.035641	3.0	72.039249	0.999025	5.0	0.01831	3.3703769999999995	5.0	0.020250999999999998	1.2066569999999999	1.0	0.045771	19.680267999999998	5.0	84.212638	0.901634	4.0	65.34613399999999	5.838275	1.0	0.012118	3.621797	5.0	32.666594	0.428551	5.0	0.048065	1.143189	3.0	0.037207	2.31035	2.0	87.088238	2.554757	3.0	0.011381	7.054864	2.0	0.027395999999999997
1304	3	16.079194	39.689584	20.895872	58.082907999999996	69.132212	0.986716	0.251417	0.804424	0.6142270000000001	0.804869	0.5917859999999999	1.0	15.927968	0.8028689999999999	3.0	0.024973	1.39094	6.0	0.023787	0.37744099999999997	3.0	0.012604	8.699458	2.0	82.418027	1.2999049999999999	5.0	69.00201	0.619418	4.0	0.083205	3.5931040000000003	4.0	86.859362	1.590399	6.0	0.010985	0.680459	5.0	0.010034999999999999	1.431288	5.0	91.859481	3.810804	4.0	0.027206	11.590098	2.0	0.028016000000000003
1337	3	88.95272800000001	41.503746	95.967527	91.871597	22.075679	0.655464	0.7574	0.6001920000000001	0.314087	0.9984790000000001	1.919146	1.0	49.729352	0.536222	4.0	0.012437	0.906223	3.0	0.016101	2.654835	4.0	0.021495	5.520175	6.0	83.923208	1.2459639999999998	6.0	16.325371	13.264192000000001	2.0	0.058599	3.4224900000000003	1.0	32.061422	1.452245	6.0	0.025763	4.3275809999999995	3.0	0.15077100000000002	1.461027	3.0	94.546217	3.088953	5.0	0.02518	6.41359	3.0	0.035495
1342	3	15.05345	97.10225200000001	95.740302	36.728029	37.485131	0.12315999999999999	0.65895	0.979585	0.6150770000000001	0.748988	1.708449	4.0	56.557903	0.833518	1.0	0.010791	3.6006050000000003	4.0	0.011505	3.133565	5.0	0.723767	20.600838	2.0	72.151751	0.8514809999999999	5.0	97.305512	13.511176999999998	3.0	0.017131999999999998	2.229571	5.0	62.142767000000006	0.129121	5.0	0.027946	4.01583	6.0	0.011434	0.9417469999999999	6.0	77.75174	1.275295	5.0	0.012193	13.430532999999999	6.0	0.013905
1343	3	20.11308	78.82511600000001	59.072749	50.954134	10.090253	0.49854	0.447905	0.306086	0.721039	0.972932	3.575901	2.0	32.842378000000004	0.60075	4.0	0.026154000000000004	0.972518	4.0	0.06364600000000001	3.0389779999999997	2.0	0.024143	47.927057	2.0	43.035884	0.22213200000000002	4.0	9.781378	8.009993	1.0	0.024286000000000002	0.46823000000000004	6.0	11.194578	0.73874	4.0	0.053408000000000004	2.278864	5.0	0.028163	3.5299300000000002	5.0	50.891749	1.17987	6.0	0.015374	9.265298	2.0	0.020878999999999998
1347	3	45.205508	81.303566	18.605597	48.850875	8.682527	0.218306	0.685771	0.563249	0.9398340000000001	0.178229	4.259856	1.0	91.67336800000001	0.135624	1.0	0.9052040000000001	2.818098	5.0	0.016455	2.058738	5.0	0.034904000000000004	52.065248	3.0	24.128509	1.064309	5.0	12.857514	1.438977	3.0	0.033779	3.6879169999999997	3.0	55.171847	0.760255	1.0	0.023956	4.343095	5.0	0.105898	3.3219480000000003	6.0	95.08114599999999	0.372807	1.0	0.029279000000000003	6.5049529999999995	5.0	0.023338
1363	3	22.617272	13.020475	81.82965300000001	87.72956500000001	60.568117	0.7594479999999999	0.468613	0.838009	0.902832	0.367073	3.828881	1.0	54.302403000000005	0.9235629999999999	4.0	0.015609999999999999	0.24565700000000001	6.0	0.012454	2.740911	2.0	0.011008	10.870068	1.0	75.302448	1.5803049999999998	2.0	62.56916	14.041076	6.0	0.016956	0.37056300000000003	3.0	75.202248	1.8439729999999999	6.0	0.020288999999999998	0.125602	2.0	0.428302	3.5063980000000003	5.0	55.543587	1.4264290000000002	3.0	0.03422	9.262897	2.0	0.021808
1374	3	9.666322000000001	53.75614	10.708881	7.180275	59.576629000000004	0.7913180000000001	0.34334899999999996	0.640309	0.493838	0.937224	0.8417819999999999	1.0	40.774282	0.045495	2.0	0.01085	0.9174950000000001	1.0	0.05056	2.0548349999999997	3.0	0.022915	56.759406000000006	4.0	83.670466	1.919432	6.0	75.162754	10.799913	5.0	0.021325999999999998	2.842942	4.0	19.826677	1.586355	5.0	0.010888	4.1554519999999995	4.0	0.019916999999999997	2.79757	1.0	56.189524	0.224268	4.0	0.183126	4.263909	4.0	0.023881
1381	3	52.927707999999996	18.911903	26.142376000000002	32.603342	84.250123	0.254382	0.494658	0.660805	0.25957600000000003	0.395944	3.591632	4.0	53.594877000000004	1.9603490000000001	1.0	0.063041	3.030141	6.0	0.019056	3.096458	5.0	0.044337	42.361049	2.0	53.97422099999999	1.0157889999999998	5.0	87.066092	6.399496	4.0	0.015937	2.013939	1.0	35.233977	1.05792	2.0	0.012695999999999999	2.671018	5.0	0.018992	2.6969950000000003	3.0	18.432536	2.489122	2.0	0.09082799999999999	6.2449449999999995	5.0	0.014916
1393	3	16.708154	15.182788	7.269137	81.85024200000001	73.236017	0.336996	0.586598	0.46885	0.60939	0.182669	2.076602	6.0	8.379655999999999	1.6700720000000002	6.0	0.01197	4.591208999999999	3.0	0.045624	2.0881279999999998	3.0	0.010964	38.127676	3.0	24.970471	1.48078	6.0	6.9177029999999995	5.509645	4.0	0.475905	3.839214	2.0	64.34782299999999	0.213752	1.0	0.044886	3.396982	2.0	0.010053	3.5332220000000003	6.0	7.8065	3.297517	2.0	0.010006000000000001	8.715442	4.0	0.014478
