12	3	6.276973	99.377728	69.128713	87.06876199999999	10.211058	0.11299100000000001	0.288011	0.866266	0.838832	0.49433599999999994	3.053769	1.0	14.798182	0.885238	1.0	0.014749000000000002	1.9285919999999999	3.0	0.011417	1.6536919999999997	6.0	0.07144199999999999	20.754984	5.0	98.208641	0.800412	4.0	16.753349	2.345711	1.0	0.010464	1.211227	3.0	15.145282	0.41138500000000006	5.0	0.031598	4.330868	3.0	0.017708	1.032807	5.0	38.353823	4.043451	2.0	0.016406999999999998	8.728964999999999	2.0	0.020954
13	3	77.932956	83.764096	16.033788	71.192541	18.210954	0.560297	0.8840459999999999	0.244077	0.366551	0.14217	0.883848	3.0	40.770284000000004	1.2672809999999999	2.0	0.01637	2.935489	5.0	0.013678999999999998	2.921966	5.0	0.019366	4.067933999999999	2.0	25.617043	1.88852	3.0	49.562358	6.145698	3.0	0.012119	2.544262	6.0	11.746037	1.757132	3.0	0.012064	0.316784	4.0	0.014695	0.8672200000000001	4.0	21.004926	0.408589	3.0	0.019021	13.402951999999999	3.0	0.010731000000000001
14	3	25.950357999999998	9.891255000000001	16.515866	11.489772	94.9365	0.115281	0.653849	0.11427899999999999	0.5454359999999999	0.9453870000000001	2.085763	1.0	30.119290000000003	2.069757	1.0	0.013604	0.862483	4.0	0.013237	2.3264139999999998	5.0	0.050332	55.866287	3.0	66.779833	1.160083	5.0	83.1936	6.452791	2.0	0.011051	2.0985099999999997	4.0	63.775406999999994	0.323955	2.0	0.013371000000000001	1.108119	3.0	0.120899	3.5722519999999998	2.0	77.916149	2.6302	1.0	0.023883	5.01883	6.0	0.07106
36	3	40.490947999999996	22.919098	69.07803100000001	80.337023	35.935094	0.257325	0.878833	0.9781610000000001	0.799513	0.848094	0.748708	1.0	73.789887	1.421025	6.0	0.013507	1.770468	6.0	0.018009999999999998	0.565658	6.0	0.016651	4.851807	3.0	75.034284	0.9942479999999999	5.0	22.387216	9.781236999999999	3.0	0.0234	3.615197	3.0	65.206836	1.350402	1.0	0.01549	2.087334	4.0	0.012624	0.047054	5.0	30.567613	1.563625	4.0	0.014158	8.381971	2.0	0.010622
59	3	19.119019	22.371344	50.071007	12.000817	54.777677000000004	0.252911	0.564707	0.8272149999999999	0.256918	0.639809	2.00255	5.0	39.354820000000004	0.839888	1.0	0.010121999999999999	1.383241	4.0	0.05890700000000001	1.9800380000000002	5.0	0.035375	56.896809	1.0	84.821471	1.554643	3.0	37.378642	4.217723	5.0	0.012247	2.9719029999999997	2.0	29.877836	1.520658	6.0	0.01069	3.682487	2.0	0.010194	2.872734	1.0	19.980567999999998	4.592914	1.0	0.012877000000000001	7.159091	6.0	0.011193
106	3	69.797461	37.64275	59.265595	13.667470000000002	74.024018	0.277175	0.726352	0.9136719999999999	0.46378400000000003	0.413394	2.684444	5.0	44.569162	0.13382	2.0	0.019087	2.33755	4.0	0.019266	2.805818	6.0	0.014305000000000002	56.293011	6.0	86.894064	1.1328200000000002	2.0	17.075626	8.967562	5.0	0.014344999999999998	0.934055	3.0	27.55115	1.314722	6.0	0.023669	0.318425	5.0	0.011401999999999999	3.181804	3.0	90.634917	3.126195	6.0	0.033960000000000004	1.23291	5.0	0.032656
162	3	61.976718000000005	52.871531999999995	16.097178	56.352748	88.163354	0.33979000000000004	0.797784	0.9238540000000001	0.10466700000000001	0.394879	1.901354	2.0	33.624931	0.804341	1.0	0.017700999999999998	4.464567	1.0	0.021919	3.408838	1.0	0.084475	10.472978999999999	6.0	43.687754999999996	1.060122	6.0	79.410476	9.536694	4.0	0.011273	0.07031	5.0	91.31526600000001	0.190269	5.0	0.0107	2.5963279999999997	2.0	0.0212	1.2667540000000002	5.0	66.038188	1.9461680000000001	2.0	0.08065499999999999	11.575907	3.0	0.011470999999999999
182	3	89.47974	64.803986	64.702203	38.341009	52.149396	0.921916	0.27686700000000003	0.46985200000000005	0.656292	0.7583840000000001	0.307946	1.0	20.527316	0.211448	1.0	0.015732	0.861764	6.0	0.018351	3.090999	3.0	0.069704	16.936835000000002	5.0	63.166685	0.670374	3.0	13.740853	6.420081	2.0	0.025608999999999996	2.952139	2.0	45.868462	0.537882	5.0	0.012858000000000001	0.827468	2.0	0.162186	1.9364130000000002	3.0	67.136605	0.24926500000000001	6.0	0.013812999999999999	13.599407999999999	5.0	0.020222999999999998
213	3	47.148281	36.458882	57.595718999999995	32.060404	94.963127	0.296238	0.766265	0.871001	0.281154	0.8524959999999999	4.699725	1.0	12.61815	1.427949	3.0	0.010348999999999999	1.374203	6.0	0.021442	0.153805	3.0	0.014162000000000001	52.101048999999996	4.0	72.895905	2.0373959999999998	5.0	47.749946	9.059372	2.0	0.022997	4.180848999999999	4.0	80.171006	0.528576	5.0	0.302018	2.504471	5.0	0.010648999999999999	4.299454	3.0	8.05879	2.306143	5.0	0.017088	2.062452	5.0	0.024478
221	3	39.846886	52.994521	80.779063	71.46845400000001	19.150228	0.579418	0.438237	0.44188599999999995	0.682848	0.34846900000000003	0.738225	5.0	2.36862	1.287585	3.0	0.03191	1.4151200000000002	5.0	0.079279	2.209635	2.0	0.010598	12.421064999999999	3.0	83.172173	0.933348	3.0	66.930963	7.114339999999999	6.0	0.054643	2.3075360000000003	3.0	40.091756	0.355829	4.0	0.019474	3.545518	4.0	0.041063999999999996	3.378566	4.0	99.869381	2.58336	6.0	0.039894	8.294653	1.0	0.010157
245	3	50.578938	16.450236	26.677365	66.33455500000001	84.594943	0.26757	0.253411	0.10037	0.889784	0.722635	0.8089770000000001	4.0	78.808077	1.011395	4.0	0.027763999999999997	1.310346	6.0	0.055078999999999996	0.9441729999999999	1.0	0.09566799999999999	18.6492	4.0	51.435122	1.5422040000000001	6.0	81.345185	13.240645	5.0	0.021956	3.03844	1.0	4.38213	0.319842	5.0	0.012025	4.217718	3.0	0.018866	2.788139	5.0	3.08276	1.32769	1.0	0.073916	12.623967	2.0	0.036933
252	3	42.637085	51.56479	63.170535	18.618222	76.904823	0.626361	0.5299520000000001	0.700603	0.717532	0.70416	1.667816	4.0	13.169899	0.527583	4.0	0.031233999999999998	2.070625	4.0	0.01152	0.455482	1.0	0.012056	9.810804	6.0	84.522111	1.488782	2.0	88.081384	2.8604689999999997	2.0	0.015519	3.244599	1.0	28.375398999999998	0.23296399999999998	4.0	0.015209	1.33125	6.0	0.018686	0.887617	5.0	50.910094	2.872246	5.0	0.027337	12.57278	4.0	0.020008
278	3	86.59042099999999	98.426125	16.504305	52.865244	76.85297299999999	0.40508	0.180883	0.987505	0.419946	0.336072	0.8992020000000001	4.0	19.543502	0.907833	5.0	0.010943000000000001	3.858655	6.0	0.013556	0.54001	4.0	0.013653	31.070466999999997	4.0	67.01768	0.8194450000000001	4.0	6.563524	9.975564	2.0	0.011758	3.912752	6.0	70.017563	0.070259	5.0	0.018167	1.2848	5.0	0.011483	4.300644	6.0	62.671380000000006	4.651776	1.0	0.01097	11.03214	6.0	0.040577999999999996
284	3	23.251935	14.028525	19.330223999999998	21.40444	58.386027	0.297468	0.863382	0.5497920000000001	0.453924	0.954499	0.187547	1.0	63.843128	1.1413209999999998	4.0	0.015345	0.17318699999999998	4.0	0.05273099999999999	1.624628	5.0	0.025259999999999998	52.354177	2.0	18.973847	0.626546	6.0	97.60313000000001	7.0213410000000005	1.0	0.012376	1.412328	3.0	33.79553	0.8239489999999999	6.0	0.029445999999999996	1.9049919999999998	4.0	0.126519	4.078861	4.0	31.992151	3.115607	3.0	0.058995000000000006	14.061222	6.0	0.010015999999999999
308	3	87.43406999999999	96.182568	70.651101	97.609864	57.775293000000005	0.17172300000000001	0.419853	0.941069	0.9186629999999999	0.9948739999999999	0.196049	5.0	49.16713	1.9180080000000002	5.0	0.016197	4.013518	5.0	0.014419999999999999	1.643415	6.0	0.5052270000000001	23.961241	3.0	55.29614	0.078895	2.0	93.883809	14.544827	4.0	0.013047	0.9861620000000001	5.0	39.552092	0.582011	4.0	0.032118	1.033001	2.0	0.012274	3.130093	3.0	9.883723	2.1561060000000003	4.0	0.016915	5.180687	5.0	0.087493
389	3	80.596373	29.554529	51.353001	69.979415	45.558728	0.419418	0.805234	0.610926	0.24015300000000003	0.806348	1.4053930000000001	6.0	28.037209000000004	1.404917	3.0	0.030758999999999998	4.022047	5.0	0.014052	3.848993	4.0	0.023191	7.274175	1.0	30.810615000000002	1.765121	1.0	63.361368000000006	8.052166999999999	2.0	0.020569	0.058178	5.0	16.918295	0.640878	5.0	0.021876	0.589672	2.0	0.012997	2.260405	4.0	52.121332	4.7101440000000006	3.0	0.03637	8.017512	4.0	0.178448
405	3	98.267403	19.063495	30.954990999999996	79.064635	69.104513	0.146478	0.10639000000000001	0.78193	0.9425389999999999	0.9609770000000001	2.4715580000000004	3.0	80.196748	1.253807	5.0	0.010164	0.648949	5.0	0.015666	0.554196	5.0	0.012909	28.055735	1.0	20.368996	1.026262	2.0	84.036914	5.654242	1.0	0.014033000000000002	1.740606	1.0	44.230315000000004	0.180887	3.0	0.014224	0.09440599999999999	6.0	0.021522	3.540039	1.0	9.619833999999999	0.180392	4.0	0.112997	10.268467999999999	6.0	0.018593000000000002
420	3	57.708121999999996	68.190022	30.690339	21.526783	72.151066	0.388905	0.168059	0.32989	0.5825239999999999	0.909595	2.028524	5.0	83.260554	2.059659	3.0	0.08611	4.598505	6.0	0.010697	1.494705	1.0	0.010915000000000001	0.890442	1.0	20.283673999999998	1.533323	1.0	87.91964399999999	13.935351999999998	4.0	0.10387300000000001	1.6486630000000002	5.0	54.614854	0.296428	2.0	0.057135000000000005	4.473025	1.0	0.011509	0.579439	5.0	32.691624	0.943077	2.0	0.01115	12.947594	4.0	0.010874
444	3	53.908767000000005	25.113101	63.565604	39.381009999999996	18.383860000000002	0.10141599999999999	0.881517	0.9220379999999999	0.9832860000000001	0.330971	4.630033999999999	5.0	69.237546	0.249065	6.0	0.013291999999999998	0.7017720000000001	1.0	0.022385	3.346314	3.0	0.014440999999999999	41.570291	3.0	85.879666	0.301664	2.0	92.09970200000001	4.155376	1.0	0.38976	0.750107	6.0	64.00766899999999	1.405201	5.0	0.033933	3.621862	6.0	0.032975	2.795603	2.0	11.52554	2.64215	3.0	0.341106	5.815168	2.0	0.027497000000000004
495	3	52.800865	14.070932	41.775459999999995	24.790326999999998	55.526658	0.471559	0.206075	0.6791689999999999	0.18367999999999998	0.11333900000000001	2.977122	1.0	43.542002000000004	0.9390440000000001	6.0	0.142381	1.7062560000000002	3.0	0.13986300000000002	3.327721	6.0	0.010926	35.891549	5.0	9.304121	1.537993	6.0	19.160079999999997	7.717096000000001	2.0	0.021524	0.049844	3.0	1.73158	0.8874049999999999	1.0	0.013637	3.097434	4.0	0.012518000000000001	0.972432	3.0	49.990055	0.85444	4.0	0.023926	14.14916	3.0	0.013018
516	3	93.391369	48.585102	68.84213000000001	10.074912	47.167745000000004	0.926055	0.39261399999999996	0.21488200000000002	0.8182560000000001	0.118243	3.090476	5.0	1.4768059999999998	0.500516	6.0	0.014473	3.056565	4.0	0.010621	0.317313	5.0	0.015216	51.994873	4.0	44.491277000000004	0.862049	5.0	51.775506	12.141725	4.0	0.012968	4.058605	5.0	85.13113100000001	1.397968	2.0	0.149097	1.9150790000000002	3.0	0.015271999999999999	0.544948	1.0	62.230416000000005	1.6611189999999998	3.0	0.012819	4.10611	5.0	0.053667999999999993
524	3	38.540646	10.672588000000001	25.816312	71.671131	84.830668	0.709517	0.769411	0.124775	0.584591	0.956775	1.284357	2.0	38.177077000000004	1.749955	2.0	0.443858	3.487542	4.0	0.063084	1.861906	6.0	0.013890000000000001	37.08136	1.0	68.822061	0.574906	6.0	41.963376000000004	3.137307	1.0	0.010014	3.56158	1.0	93.228971	0.294038	3.0	0.027437	0.8243280000000001	1.0	0.01819	1.706761	6.0	59.21905400000001	3.043628	1.0	0.014859	10.201974	1.0	0.01023
527	3	82.019921	27.15778	92.31503599999999	57.619696	41.695156	0.429871	0.291249	0.570684	0.775584	0.27670900000000004	4.6519010000000005	4.0	19.647801	1.008106	4.0	0.010375	2.5935639999999998	5.0	0.046399	3.0623	3.0	0.013753999999999999	52.280413	1.0	22.964698000000002	2.058611	5.0	80.17434	9.90351	3.0	0.020528	3.5730769999999996	3.0	23.327727	1.17079	5.0	0.015274000000000001	1.7104119999999998	3.0	0.018978000000000002	2.610811	2.0	80.12486700000001	3.4711	3.0	0.011736	13.428575	5.0	0.08742899999999999
531	3	62.361796999999996	78.126299	99.195187	79.00046400000001	75.292439	0.372029	0.110399	0.609633	0.743996	0.317576	3.756963	2.0	52.963126	0.523231	2.0	0.021519	2.511759	2.0	0.02093	3.9913790000000002	1.0	0.028691	17.835126000000002	6.0	29.840358000000002	0.032264	2.0	77.577054	11.388724	5.0	0.014134	1.845752	4.0	20.159516	1.480897	2.0	0.034384	0.9009469999999999	2.0	0.034422	3.10297	1.0	78.657619	3.869907	2.0	0.031187	9.490803999999999	1.0	0.047966
539	3	68.40504399999999	43.235256	86.098341	9.737563	84.03388100000001	0.392723	0.484414	0.711653	0.241252	0.906141	4.315725	6.0	43.458742	1.8018939999999999	1.0	0.027308	3.202235	3.0	0.017357	2.5401689999999997	2.0	0.538924	56.855335	6.0	51.303752	0.756621	2.0	51.72429	8.814653	1.0	0.018008	0.457826	4.0	11.69811	1.0409709999999999	6.0	0.026317	1.9454490000000002	2.0	0.010108	4.143516	5.0	79.305139	3.161382	5.0	0.143645	7.115782	1.0	0.019795
550	3	39.036084	87.39669599999999	2.393112	2.679195	83.649339	0.164492	0.260833	0.688872	0.262332	0.572667	1.0049290000000002	6.0	70.37874000000001	0.275719	2.0	0.010098000000000001	2.2829189999999997	1.0	0.057253	1.530116	3.0	0.011861	47.421197	6.0	12.547931	1.6824119999999998	1.0	45.424506	10.194696	2.0	0.041378	0.470497	4.0	26.259562	0.465804	1.0	0.114766	0.954957	4.0	0.010676999999999999	0.9439360000000001	1.0	61.014103000000006	3.3795129999999998	4.0	0.02508	6.60906	6.0	0.010119
560	3	23.820399	36.735702	16.166289000000003	65.515298	15.705081	0.247606	0.154656	0.996302	0.9229719999999999	0.207804	3.192119	4.0	49.891798	1.354763	4.0	0.051666	3.099513	1.0	0.017183	1.7127569999999999	4.0	0.015633	58.350659	5.0	10.368032000000001	0.520891	6.0	79.18428	5.716206	4.0	0.017695	0.777475	5.0	58.494301	0.334748	5.0	0.04475	1.0818969999999999	5.0	0.032333999999999995	0.9245959999999999	1.0	94.098786	4.655428	1.0	0.119717	10.960908	6.0	0.010931
588	3	46.011058	68.427066	15.629209	47.02346	43.003448	0.965159	0.48034499999999997	0.5769880000000001	0.562975	0.170149	0.101381	3.0	7.831207000000001	0.339356	2.0	0.010919	1.0971739999999999	3.0	0.026166000000000002	0.19478	3.0	0.017401	48.06147	5.0	32.8461	1.912335	6.0	10.102775999999999	10.451321	2.0	0.018716999999999998	1.00415	3.0	81.499549	0.299954	4.0	0.014987	0.20316700000000001	5.0	0.011413	3.879693	1.0	78.92123199999999	1.075439	3.0	0.015216	0.830522	3.0	0.014924000000000002
631	3	37.882548	78.483357	32.010706	52.797416000000005	48.908097999999995	0.198549	0.8876069999999999	0.97849	0.47181899999999993	0.749954	4.343787	6.0	41.956374	1.047196	2.0	0.010445	3.101391	2.0	0.087561	4.720276999999999	5.0	0.026244999999999997	28.691335	5.0	48.289406	0.259761	4.0	4.521001	4.276947	1.0	0.165102	1.332765	2.0	52.618749	1.056399	5.0	0.021131	2.06597	5.0	0.010685	2.292934	5.0	6.330369	1.1669209999999999	5.0	0.34924099999999997	12.509828	6.0	0.022645
654	3	57.091039	6.677642	4.575462	9.835513	32.556006	0.99049	0.901159	0.218125	0.571705	0.510462	1.335611	6.0	2.7503279999999997	1.9799810000000002	2.0	0.013558	1.686291	6.0	0.012339	2.595129	6.0	0.140508	24.97874	1.0	21.827202	1.0852540000000002	3.0	34.460274	12.950164	5.0	0.010329000000000001	3.136558	3.0	55.687998	0.861036	4.0	0.011038	4.331658	2.0	0.023788999999999998	3.900617	6.0	75.957229	2.5194349999999996	5.0	0.011807999999999999	8.617332000000001	1.0	0.049226
660	3	90.356948	57.056529000000005	92.82530799999999	73.96571800000001	55.900926	0.168324	0.955915	0.517146	0.412001	0.94731	3.276638	2.0	46.9518	0.139562	5.0	0.024315	3.720298	1.0	0.0308	3.99056	1.0	0.030742000000000002	18.354939	1.0	6.842447	1.447689	4.0	89.33781	4.978279	6.0	0.014793	1.2529270000000001	2.0	22.154442	0.17640999999999998	5.0	0.01892	3.3476879999999998	3.0	0.011883	3.653227	4.0	21.14378	3.9242529999999998	5.0	0.029631	10.667909	5.0	0.08664
673	3	21.048008	23.329960999999997	21.651647	65.362234	31.470025	0.246916	0.263347	0.720731	0.760735	0.867361	4.298801999999999	3.0	73.787521	1.502217	6.0	0.010843	3.4366260000000004	1.0	0.12325699999999999	1.352861	5.0	0.015724000000000002	57.429232999999996	2.0	64.19587299999999	0.861928	3.0	51.415205	11.288599000000001	4.0	0.023031	2.5909869999999997	4.0	65.621932	2.066466	6.0	0.043401	1.073717	6.0	0.034312	0.163898	4.0	35.404854	1.702257	5.0	0.073714	11.687642	5.0	0.013622
721	3	48.056057	58.645565000000005	32.56688	79.887331	19.085074	0.62779	0.321865	0.350783	0.603377	0.173498	4.02053	1.0	98.711955	1.1994280000000002	4.0	0.010386	0.052517999999999995	3.0	0.014977	3.779929	3.0	0.029769999999999998	7.615646000000001	1.0	56.721003	0.363752	3.0	38.594802	13.520964000000001	6.0	0.36885100000000004	1.5056559999999999	5.0	12.261424	1.8428	2.0	0.295601	2.344302	3.0	0.011973000000000001	2.1596740000000003	2.0	5.192692	3.191441	4.0	0.021703999999999998	9.400576	2.0	0.010631
750	3	68.364818	39.805832	17.491446	47.985704	93.148271	0.103039	0.416261	0.332063	0.588252	0.6782560000000001	1.20325	4.0	6.560701	0.5240670000000001	3.0	0.010504000000000001	4.079294	5.0	0.014801	3.428835	2.0	0.06396900000000001	12.172987	2.0	14.490832999999999	2.061674	3.0	9.192653	9.872167	6.0	0.029095999999999997	3.23373	3.0	6.901549	0.701956	2.0	0.011862000000000001	2.266405	2.0	0.19551	0.065586	6.0	12.315955	0.29941100000000004	3.0	0.010029999999999999	4.614243	5.0	0.019575
753	3	82.618324	47.601039	1.9444599999999999	27.757162	96.911386	0.146001	0.48028699999999996	0.148582	0.478846	0.693368	1.284096	6.0	10.637041	1.811251	4.0	0.014363999999999998	1.384852	1.0	0.06564400000000001	2.1653580000000003	1.0	0.016959000000000002	13.041658	1.0	20.917182	1.8245740000000001	5.0	25.098926000000002	3.8757989999999998	1.0	0.072798	3.1087700000000003	3.0	80.228613	1.0240790000000002	4.0	0.017572	4.187867	6.0	0.01927	1.789259	5.0	61.543037	0.9929680000000001	5.0	0.132434	0.39158899999999996	6.0	0.831692
830	3	22.163315	2.068748	16.499103	13.702592999999998	98.314379	0.346648	0.267546	0.832149	0.612452	0.551143	3.879781	1.0	5.299062	1.575843	4.0	0.024085	2.975477	3.0	0.058289	4.486565000000001	1.0	0.45072700000000004	25.586099	1.0	24.130775	0.852482	5.0	50.309829	1.042198	6.0	0.132927	3.9604	5.0	38.088834000000006	1.6139139999999998	4.0	0.01241	3.826796	1.0	0.034569	3.221187	3.0	3.960899	2.811314	6.0	0.014134	3.4126849999999997	5.0	0.010333
864	3	25.815291000000002	6.664694	62.914591	20.528864000000002	66.68639399999999	0.184799	0.22415700000000002	0.9746309999999999	0.52117	0.817427	2.269638	3.0	17.885658	0.34563	2.0	0.010126000000000001	1.034598	1.0	0.016915	1.740068	6.0	0.018116	5.180407	2.0	43.328696	1.803467	6.0	25.421616	8.398672	3.0	0.214875	0.528058	5.0	92.86487199999999	1.288884	1.0	0.151516	2.610158	5.0	0.023334999999999998	1.421932	2.0	41.543662	2.698543	4.0	0.15701199999999998	9.400882000000001	5.0	0.031093
914	3	93.633872	98.898264	13.078515	38.703403	43.19567	0.88139	0.481206	0.30278099999999997	0.634304	0.476004	2.155941	1.0	92.388159	1.7359229999999999	6.0	0.011517	1.8822759999999998	5.0	0.010745999999999999	4.379799	5.0	0.010465	55.525415	5.0	21.783998999999998	1.456909	3.0	87.286539	6.743023	6.0	0.010589	1.11706	6.0	61.962785	1.6932650000000002	6.0	0.02506	0.6740470000000001	6.0	0.020409	1.056619	1.0	57.971791	1.105879	5.0	0.025646	8.564266	6.0	0.010126000000000001
931	3	97.415925	79.75989399999999	36.434602000000005	5.659307	52.219254	0.202737	0.8064279999999999	0.925667	0.12262	0.121271	3.9528230000000004	5.0	34.013403000000004	2.0703009999999997	4.0	0.174875	2.918895	4.0	0.023495	2.898534	6.0	0.013275	52.49130699999999	4.0	29.754782000000002	1.3012620000000001	5.0	69.186073	8.333609	1.0	0.015188	0.6343949999999999	5.0	46.290537	0.677285	5.0	0.08519199999999999	0.624498	6.0	0.010967	0.42611000000000004	5.0	67.11784899999999	2.0872990000000002	2.0	0.052037	1.180397	2.0	0.071771
956	3	17.454601999999998	55.275760999999996	34.297652	95.291844	94.176168	0.5776319999999999	0.8495299999999999	0.666049	0.843934	0.35576599999999997	4.699203	6.0	2.189921	0.6532439999999999	3.0	0.014519999999999998	3.6844660000000005	6.0	0.019518999999999998	1.8094259999999998	2.0	0.015941	17.694443	5.0	65.443149	0.331316	5.0	93.671741	7.797853	3.0	0.012607	3.496858	2.0	52.418427	0.749159	4.0	0.010856999999999999	0.06969299999999999	3.0	0.019865999999999998	1.89526	2.0	10.104513	2.86007	3.0	0.012537000000000001	11.009697000000001	3.0	0.037245
1015	3	75.257491	38.070822	70.772104	23.566029999999998	80.065969	0.500941	0.689666	0.751981	0.63357	0.6128439999999999	0.558613	6.0	8.592315	2.010816	1.0	0.02474	4.529969	1.0	0.030033999999999998	3.011266	6.0	0.010959	58.99280600000001	2.0	29.243021000000002	0.8528459999999999	1.0	25.5163	8.512298	3.0	0.010467	2.936334	6.0	89.382772	1.1304889999999999	6.0	0.263397	2.497877	3.0	0.047458	1.2934290000000002	3.0	94.35344599999999	4.657641	6.0	0.079527	13.251094	1.0	0.121199
1020	3	72.179908	66.043177	23.461704	57.37599	63.01999	0.635781	0.6163569999999999	0.348	0.8232879999999999	0.336507	1.907989	6.0	78.827524	1.1899469999999999	5.0	0.010433	3.649144	1.0	0.047593	0.402121	3.0	0.011665	36.136165000000005	6.0	35.825255	1.834266	2.0	27.291534999999996	14.074276000000001	2.0	0.011184	3.8039199999999997	3.0	32.922759	0.9181860000000001	5.0	0.015985	3.2852940000000004	6.0	0.013677000000000002	2.838151	2.0	52.7878	2.911063	1.0	0.010709	3.5250839999999997	6.0	0.012053
1031	3	75.872814	2.401895	55.134791	29.708292999999998	94.44178000000001	0.23195700000000002	0.323891	0.29637600000000003	0.145069	0.21905100000000002	3.4885699999999997	5.0	17.489481	0.506759	5.0	0.042099	1.219692	1.0	0.02304	1.07412	3.0	0.026931	30.785271	1.0	59.220040000000004	0.51994	5.0	67.30908199999999	3.6134459999999997	6.0	0.018341	0.368208	3.0	57.333169999999996	0.766379	3.0	0.01738	1.283935	3.0	0.014657	1.0832700000000002	2.0	12.165316	1.8295290000000002	2.0	0.021502	7.788202	1.0	0.026895999999999996
1045	3	87.912266	27.285897	50.317414	15.267076000000001	64.583986	0.610649	0.985139	0.9829530000000001	0.9811629999999999	0.23978200000000002	3.9510690000000004	4.0	18.205854000000002	0.29280300000000004	2.0	0.02449	4.44458	3.0	0.013124	4.115994000000001	2.0	0.039372000000000004	8.033062	1.0	73.635785	0.922901	6.0	36.613045	3.779612	3.0	0.014659	0.688973	2.0	96.918051	0.856142	4.0	0.010804000000000001	0.228698	6.0	0.014271	2.726701	1.0	69.93348	0.697339	5.0	0.01114	10.453157000000001	2.0	0.011475
1076	3	55.23984599999999	26.786174	62.00644200000001	18.085779000000002	82.754622	0.26315	0.49063900000000005	0.215152	0.615054	0.418731	0.31117	2.0	42.57163	0.540899	6.0	0.010997	1.430919	4.0	0.170471	1.4763600000000001	4.0	0.02056	31.155157	2.0	94.099677	1.378002	2.0	91.848724	8.909111	3.0	0.014163	2.1919	4.0	55.044619	0.6178319999999999	6.0	0.01879	1.781109	5.0	0.013171	2.168705	3.0	87.59682600000001	1.8583290000000001	3.0	0.035649	8.160267	4.0	0.011006
1091	3	73.51933000000001	90.041799	9.629161999999999	2.28572	74.931225	0.494928	0.933226	0.360046	0.28662	0.284381	1.8705619999999998	6.0	76.50919499999999	0.594626	5.0	0.038995	3.946658	6.0	0.283055	2.90592	3.0	0.027815	56.059443	4.0	38.13799	1.629342	4.0	27.777913	8.445533	3.0	0.021206	4.411818	5.0	37.102503000000006	0.523574	1.0	0.02292	3.8886300000000005	2.0	0.011018	3.9881800000000003	3.0	74.559464	3.638411	6.0	0.030521	13.426009	6.0	0.014594
1126	3	40.257676000000004	92.511808	17.60355	64.67155699999999	65.209913	0.313161	0.790177	0.693303	0.611985	0.8198200000000001	1.434659	4.0	79.342223	0.091073	1.0	0.04055	3.133453	5.0	0.032347	0.5144989999999999	6.0	0.032514999999999995	58.032630000000005	1.0	22.571581	1.08561	5.0	44.411101	12.181556	5.0	0.012489	3.659082	3.0	55.374865	0.624785	6.0	0.024871	0.239959	2.0	0.018165	4.404823	2.0	79.57904	3.122666	1.0	0.01187	5.180768	5.0	0.075308
1136	3	38.055279999999996	46.952729	13.861139000000001	15.515445000000001	66.482943	0.757097	0.531868	0.44391899999999995	0.526425	0.586389	1.089556	6.0	89.221413	0.499292	6.0	0.013071000000000001	2.969826	3.0	0.032437	2.9032560000000003	5.0	0.0158	22.537522	6.0	27.641509999999997	1.87621	1.0	41.215759999999996	4.397422	1.0	0.01008	2.842693	2.0	81.349265	1.86073	2.0	0.021849	0.807	1.0	0.020253	0.50731	2.0	53.010006000000004	1.9709400000000001	6.0	0.042158999999999995	9.245415	5.0	0.016896
1154	3	52.118128999999996	35.031007	94.558647	77.561712	74.779701	0.383022	0.244179	0.13858199999999998	0.436208	0.9706239999999999	3.26208	2.0	78.470383	0.887159	4.0	0.199804	3.887168	4.0	0.013987000000000001	3.577618	3.0	0.012107999999999999	58.183688000000004	2.0	87.438734	0.778802	6.0	77.203401	8.598764	4.0	0.011164	2.0251669999999997	5.0	45.423858	1.837461	4.0	0.010564	1.574267	4.0	0.014941	3.399039	3.0	15.526311999999999	1.8070979999999999	6.0	0.10651500000000001	6.480494	5.0	0.178945
1162	3	80.31625799999999	13.081481	53.599587	45.670179	89.47976899999999	0.330685	0.6711010000000001	0.7525270000000001	0.156971	0.9600420000000001	0.568159	4.0	92.53418	1.146174	4.0	0.033168	3.735639	3.0	0.02352	4.580998	4.0	0.020894	1.024161	3.0	48.615696	0.783127	5.0	15.019886999999999	7.4870410000000005	1.0	0.012190000000000001	1.225432	2.0	4.603569	0.072701	6.0	0.015614	0.742223	2.0	0.023836000000000003	1.280216	4.0	83.60176899999999	3.915018	1.0	0.0146	4.968324	1.0	0.047758
1172	3	94.40315799999999	66.91205699999999	62.024826000000004	88.407062	9.446774000000001	0.192305	0.8818440000000001	0.149523	0.944308	0.379718	1.9549419999999997	3.0	14.905616	1.256996	5.0	0.081423	1.254589	3.0	0.014659	1.731725	6.0	0.010721	56.813037	1.0	14.178003	0.9495889999999999	6.0	62.404885	14.591465	4.0	0.01195	3.822753	1.0	2.848361	1.535683	3.0	0.030423000000000002	3.922429	4.0	0.01845	0.858893	2.0	9.239647999999999	3.926835	2.0	0.014593	1.870742	3.0	0.010506999999999999
1215	3	61.476137	24.771801	24.365257	63.285923	96.581008	0.717719	0.11444800000000001	0.998078	0.604396	0.979118	3.1982619999999997	6.0	80.53656	1.053031	6.0	0.034742	2.3368330000000004	1.0	0.024299	2.801729	4.0	0.014029	6.9648639999999995	5.0	89.821101	0.804269	6.0	90.389696	10.917321000000001	3.0	0.029829	2.1184819999999998	6.0	73.06229499999999	1.922512	4.0	0.011685	1.408148	2.0	0.010713	3.717243	5.0	84.346191	2.836968	1.0	0.055745	10.372389	6.0	0.011349
1222	3	89.684933	31.001547	73.424745	26.396945000000002	93.410886	0.16933399999999998	0.582073	0.759322	0.437679	0.313225	3.5727309999999997	6.0	59.166816000000004	1.563345	5.0	0.015278	1.227717	5.0	0.012092	0.192491	5.0	0.011863	16.738119	4.0	79.270353	0.672744	1.0	91.469933	7.998272	3.0	0.01405	2.7362319999999998	3.0	70.748047	0.465046	2.0	0.027677999999999998	2.237899	3.0	0.015421	0.7223149999999999	2.0	28.194062	4.617772	2.0	0.014488999999999998	7.803317999999999	2.0	0.011601
1252	3	5.875119000000001	63.67013299999999	46.623622999999995	14.927805	5.643966000000001	0.508307	0.886339	0.168402	0.46786400000000006	0.746225	0.218493	2.0	90.743308	0.8866700000000001	4.0	0.268507	1.8213099999999998	6.0	0.025986000000000002	2.503448	3.0	0.010838	15.841798	6.0	91.69726	1.112811	3.0	72.431053	5.319599	5.0	0.011502	4.548005	2.0	72.126405	0.330445	5.0	0.057787	3.7000290000000002	4.0	0.011961	1.12681	5.0	89.156968	2.844194	6.0	0.011373000000000001	2.535185	3.0	0.017648
1310	3	87.260188	49.7708	8.958275	74.46734599999999	40.123043	0.46825900000000004	0.15775799999999998	0.144222	0.957633	0.149299	3.784476	1.0	30.016659000000004	0.353263	5.0	0.34946	1.843646	5.0	0.011404000000000001	2.7730099999999998	2.0	0.091139	7.416099000000001	6.0	52.126443	2.022767	5.0	51.28181	3.20827	6.0	0.010020000000000001	3.698368	1.0	75.086422	2.02339	5.0	0.015211	3.71489	4.0	0.031827999999999995	4.359285	4.0	47.330152000000005	1.318886	3.0	0.105625	13.458442999999999	3.0	0.060626
1329	3	59.752466000000005	74.60084599999999	35.623497	12.591977	75.157303	0.21155500000000002	0.579831	0.8270930000000001	0.24513600000000002	0.679296	3.4215660000000003	2.0	1.934998	2.029743	6.0	0.121288	3.6205199999999995	5.0	0.09514299999999999	4.170721	3.0	0.011874	20.616823	5.0	79.062966	0.345386	4.0	47.340559999999996	9.963142	1.0	0.053646000000000006	1.669776	2.0	33.788804	0.043089999999999996	4.0	0.019883	1.9225139999999998	4.0	0.033500999999999996	2.300847	5.0	46.821344	4.704445	4.0	0.438542	7.859961	2.0	0.013459
1354	3	57.783304	51.427755	31.393523	83.839097	12.019150999999999	0.29647199999999996	0.9969040000000001	0.506555	0.916082	0.203707	1.160196	3.0	6.873208	0.946343	5.0	0.11988599999999999	2.520695	4.0	0.013758000000000001	0.396821	3.0	0.020577	0.908481	5.0	55.151996	0.055098	5.0	23.874907999999998	3.496408	2.0	0.036431	3.591252	3.0	18.211204000000002	0.278915	5.0	0.010443000000000001	0.261304	2.0	0.012429	4.208088	4.0	36.104442999999996	3.6446989999999997	5.0	0.019532	5.724703	3.0	0.021894999999999998
1358	3	91.463083	49.730841999999996	4.676087	80.022451	85.80913699999999	0.254274	0.111838	0.11211199999999999	0.395424	0.242079	4.142618	4.0	21.67464	1.376508	4.0	0.010052	3.6136	4.0	0.030269	2.3817459999999997	5.0	0.111382	21.081508	2.0	9.619661	0.115593	6.0	7.13208	11.833649000000001	4.0	0.280032	2.797255	2.0	31.620735999999997	1.429833	5.0	0.012980000000000002	2.658036	6.0	0.023086000000000002	4.217314	1.0	5.193318	3.7864940000000002	3.0	0.01589	13.29251	4.0	0.011073000000000001
1364	3	38.866884999999996	26.905109999999997	50.228846000000004	13.129397	93.831441	0.13894600000000001	0.20816500000000002	0.320957	0.22808499999999998	0.335264	4.510764	4.0	1.311324	1.809491	6.0	0.07634400000000001	3.333558	2.0	0.028227999999999996	2.350336	5.0	0.017144	36.256653	6.0	12.510914999999999	0.42645600000000006	6.0	88.781095	3.944124	1.0	0.010836	2.7614099999999997	5.0	44.83384	0.42999899999999996	5.0	0.014121000000000002	0.49177299999999996	2.0	0.013444999999999999	3.797537	3.0	35.606826	0.9157780000000001	6.0	0.031993	2.666907	4.0	0.034554
1369	3	30.749641999999998	87.64057	93.718965	99.790015	68.963657	0.623422	0.47058500000000003	0.166168	0.587749	0.9659	1.605141	6.0	43.530986	1.972865	3.0	0.03988	2.079918	1.0	0.010154	1.084609	6.0	0.111823	10.59249	6.0	3.7770230000000002	0.378367	3.0	94.253656	1.664218	1.0	0.010362999999999999	0.9112020000000001	5.0	59.990336	0.493633	6.0	0.049595	3.163532	3.0	0.063836	3.107837	4.0	93.212126	4.542463	4.0	0.029873	14.123304000000001	5.0	0.01505
1380	3	87.660736	89.637376	58.071567	6.800511	62.453545	0.439779	0.9442389999999999	0.634071	0.788345	0.222121	1.744472	2.0	3.9289910000000003	0.403656	4.0	0.019761	2.1486970000000003	4.0	0.012768999999999999	0.41151499999999996	6.0	0.030731	50.332192	2.0	87.168009	1.687961	4.0	13.957778	2.5330150000000002	6.0	0.013781	1.011486	1.0	52.477204	0.14266500000000001	6.0	0.010948999999999999	3.69009	6.0	0.018062	2.2704020000000003	5.0	75.59891	2.619985	5.0	0.027537	13.002169	3.0	0.01674
1400	3	95.687312	86.501494	17.068765	52.824353	17.618053	0.923233	0.699442	0.620566	0.753097	0.916582	0.220664	2.0	68.085605	1.005455	5.0	0.111948	2.993218	4.0	0.10936300000000002	4.706467	2.0	0.09204	25.921667000000003	4.0	20.115057999999998	1.248253	3.0	52.666239000000004	13.162918	3.0	0.011981	2.208145	4.0	1.5570389999999998	2.057903	3.0	0.018867	2.978775	2.0	0.016019	2.331394	6.0	50.430316999999995	3.915458	6.0	0.025737	8.839253	5.0	0.089224
1416	3	99.364623	32.643474	10.074914	5.287393	91.79812	0.235859	0.25244	0.18293900000000002	0.615735	0.10313900000000001	1.715329	4.0	18.707024	1.7541080000000002	3.0	0.018175999999999998	0.594553	6.0	0.016069	2.946109	2.0	0.013766999999999998	41.310179	4.0	74.25857099999999	0.47871899999999995	4.0	38.800489	0.6423800000000001	2.0	0.208304	0.993027	5.0	14.062596	1.716849	3.0	0.025516999999999998	1.901943	2.0	0.073874	1.392885	6.0	33.62024	1.155463	1.0	0.020263999999999997	8.728418	4.0	0.012342
1422	3	91.107325	16.094451	81.994793	2.595988	89.889934	0.319447	0.375127	0.9427629999999999	0.144791	0.41908999999999996	1.661919	2.0	10.332867	0.7609319999999999	5.0	0.067402	2.959502	4.0	0.048201999999999995	4.330337	3.0	0.110454	36.650473	3.0	37.814698	0.756045	6.0	73.617069	14.076365	1.0	0.013645	2.4440419999999996	6.0	5.856146	0.14718499999999998	6.0	0.021905	0.87055	5.0	0.016569	2.862564	1.0	89.73060799999999	4.295013	4.0	0.309374	1.571931	4.0	0.010919
1426	3	77.968929	54.636774	84.55060300000001	24.47745	21.146898	0.20792	0.4367	0.173025	0.459045	0.426951	0.931301	4.0	90.945412	0.137537	1.0	0.020156	4.495973	4.0	0.012136	3.6342	2.0	0.05405599999999999	1.569623	1.0	11.284367999999999	0.7060850000000001	3.0	44.966885999999995	2.3258400000000004	6.0	0.013063	0.210769	5.0	69.15254200000001	0.329769	4.0	0.024249	3.253847	3.0	0.014313	3.6072370000000005	3.0	41.594625	2.2911330000000003	5.0	0.013921000000000001	6.039551	4.0	0.021978
1485	3	59.365165000000005	95.552584	72.749154	34.481951	27.270578999999998	0.260762	0.350865	0.71263	0.5966359999999999	0.321232	2.968033	6.0	23.697693	1.855732	6.0	0.118559	3.496414	5.0	0.041068	3.134127	4.0	0.011414	59.751608999999995	4.0	99.385083	0.023563999999999998	2.0	2.003577	9.858359	1.0	0.017241	0.457106	2.0	92.492613	1.949697	1.0	0.013404	3.4613050000000003	6.0	0.03544	1.405995	1.0	7.243879	3.5499730000000005	1.0	0.018608	8.892814999999999	6.0	0.074102
1492	3	24.358554	2.055438	89.325886	46.817944	32.601593	0.43979700000000005	0.322023	0.96435	0.97226	0.160868	1.571992	4.0	5.209079	0.9044399999999999	1.0	0.032006	4.2255720000000005	4.0	0.018836000000000002	2.472299	1.0	0.042922	52.169965000000005	6.0	26.857888	0.527979	6.0	71.38825200000001	9.599602	3.0	0.087465	2.567932	4.0	36.131969	0.986678	1.0	0.011307	0.875125	1.0	0.025556	3.0398389999999997	5.0	72.20739499999999	2.488877	5.0	0.014666	9.160961	1.0	0.08846799999999999
1500	3	50.162634000000004	52.625212	63.59790600000001	12.679345	89.796302	0.250362	0.610997	0.701001	0.5206310000000001	0.457945	4.669217	2.0	20.241017000000003	1.808672	4.0	0.011021	2.3980650000000003	1.0	0.128626	4.187118	4.0	0.024439	24.373827	6.0	88.95614300000001	0.868401	1.0	79.327427	11.028819	5.0	0.014165	0.06793300000000001	5.0	64.571838	1.5977629999999998	1.0	0.084022	4.1097209999999995	1.0	0.018338999999999998	3.8196269999999997	4.0	36.897973	3.9500379999999997	6.0	0.8482049999999999	8.98899	6.0	0.018425999999999998
1504	3	92.30283299999999	30.532541	19.214555999999998	73.708478	23.825748	0.799751	0.125807	0.157628	0.327741	0.461557	1.423878	4.0	87.371051	1.7906529999999998	4.0	0.08207300000000001	0.577063	5.0	0.010526	1.129125	5.0	0.156631	6.370857	5.0	27.764028000000003	1.3231389999999998	6.0	96.534388	11.167955000000001	5.0	0.019082	1.1216899999999999	2.0	52.187183000000005	0.2504	3.0	0.018875	2.143305	1.0	0.024731	4.524645	2.0	86.74567900000001	2.8346419999999997	4.0	0.023023	0.9222	4.0	0.06712
1513	3	47.867477	27.614327000000003	5.329109	28.468716999999998	26.743638	0.267951	0.256236	0.92511	0.332938	0.396084	3.5488910000000002	1.0	3.2897510000000003	1.039759	5.0	0.08440399999999999	1.0253299999999999	2.0	0.014756	0.496287	3.0	0.015614	28.965451	5.0	58.128389	1.020481	5.0	1.034826	10.911617	2.0	0.010938	3.981736	2.0	56.820583	0.135116	3.0	0.010646	4.013128	6.0	0.016555	1.946453	3.0	49.575833	2.519444	1.0	0.013124	5.54835	3.0	0.024857
1547	3	79.396692	49.604013	24.450306	59.150385	54.877362	0.767382	0.106984	0.415059	0.9786290000000001	0.164957	3.3357300000000003	2.0	80.456874	1.1862	5.0	0.014206	2.656275	3.0	0.014091	3.952771	1.0	0.038583	53.046434999999995	1.0	15.914817999999999	0.060416	4.0	78.362942	2.8719490000000003	3.0	0.014984	2.7188779999999997	4.0	32.085828	0.47450200000000003	3.0	0.012405	1.317542	2.0	0.016056	1.624544	6.0	71.11556999999999	3.6830910000000006	3.0	0.106002	1.204127	5.0	0.081066
1564	3	14.168981	82.695708	55.022867000000005	62.952225	91.807	0.44746400000000003	0.12720499999999998	0.495975	0.81404	0.276951	1.575204	5.0	19.641354	1.563008	3.0	0.059182000000000005	2.071532	5.0	0.030511	0.6233069999999999	1.0	0.014518000000000001	51.242127	2.0	96.556788	0.108275	1.0	20.003675	8.048294	5.0	0.130583	4.512688	6.0	77.716053	2.001054	6.0	0.012194	1.556257	4.0	0.488308	0.896166	5.0	63.963476	0.153397	4.0	0.465765	0.283837	2.0	0.015172999999999999
1577	3	86.41657099999999	43.248578	96.199664	44.466497	97.562476	0.48232700000000006	0.129012	0.745107	0.41873999999999995	0.438474	2.3719	5.0	39.586211999999996	2.075883	4.0	0.028899	3.674958	2.0	0.011177	3.559297	4.0	0.023306999999999998	21.854471	3.0	3.865215	0.093497	3.0	27.402071999999997	13.103802	1.0	0.012672	1.133794	1.0	49.153259999999996	0.135741	5.0	0.035112	3.07711	4.0	0.49198800000000004	3.05194	6.0	61.665848	0.29589	3.0	0.013674	7.482816000000001	4.0	0.162971
1608	3	57.209175	71.455985	9.160078	69.63897	55.692779	0.962606	0.44088	0.380259	0.86387	0.775817	2.081182	5.0	6.853381	0.382715	4.0	0.048277	3.937675	1.0	0.012448	4.053912	6.0	0.0222	17.686391	6.0	17.061295	0.19752	4.0	48.585046999999996	13.547087	2.0	0.057361	0.679183	2.0	73.981023	1.6683700000000001	6.0	0.053948	1.256499	4.0	0.011722	3.4075279999999997	5.0	29.966986	2.1659770000000003	1.0	0.018543	4.627632	6.0	0.076703
1632	3	62.945176000000004	7.111248	16.971295	82.256183	71.404296	0.642977	0.11113699999999999	0.630627	0.848775	0.13023099999999999	0.24336100000000002	2.0	73.131023	1.188333	1.0	0.014196	2.781746	3.0	0.017877	0.096282	6.0	0.215352	39.918503	1.0	95.131803	1.958777	2.0	77.93225600000001	12.082207	2.0	0.059878999999999995	0.5378430000000001	3.0	27.714485999999997	0.588608	6.0	0.159228	4.076594	2.0	0.01963	1.891995	1.0	1.861965	1.1214620000000002	2.0	0.016748	11.355697	1.0	0.012043
1635	3	69.936563	22.513945	37.050715999999994	86.468936	64.078548	0.894684	0.952694	0.60196	0.96949	0.34847399999999995	3.352678	1.0	46.256510999999996	1.573174	3.0	0.011417	2.08772	3.0	0.235014	3.3823019999999997	3.0	0.011611	7.924041000000001	3.0	99.014009	0.311181	3.0	64.506361	8.316018	3.0	0.012361	1.85948	4.0	87.258046	0.243153	5.0	0.043317	3.606789	5.0	0.017404	1.235939	6.0	24.270449	2.149116	5.0	0.040327999999999996	6.495458999999999	3.0	0.030902999999999996
1640	3	75.29664	98.99436999999999	18.784879999999998	74.112883	71.615965	0.277926	0.9820139999999999	0.41372700000000007	0.37798899999999996	0.620123	2.508681	6.0	39.983509999999995	0.18992699999999998	2.0	0.29978499999999997	3.507628	3.0	0.0116	2.674671	4.0	0.014949	55.85754300000001	4.0	51.594663	0.094823	4.0	89.26915699999999	12.698468	4.0	0.026938999999999998	1.871721	3.0	4.690023	0.0382	5.0	0.021012	0.318726	2.0	0.038695	4.494394000000001	4.0	82.135164	1.7264110000000001	4.0	0.013278	9.652650999999999	1.0	0.05372999999999999
1665	3	80.01814499999999	53.018474	51.862866	46.132287	9.661218	0.50127	0.837765	0.111805	0.40418200000000004	0.375895	2.724396	1.0	54.498263	0.43518500000000004	6.0	0.012934999999999999	3.430992	3.0	0.017225999999999998	0.084757	6.0	0.012294	0.975068	6.0	30.663131	0.49558500000000005	1.0	77.545785	3.546988	3.0	0.025266	3.5726809999999998	3.0	93.48100699999999	0.548751	5.0	0.010262	1.231739	5.0	0.010915000000000001	3.39658	4.0	51.279146000000004	2.760373	2.0	0.011081	5.5074629999999996	5.0	0.010237999999999999
1689	3	98.818102	92.637853	78.957829	26.994902000000003	53.545214	0.169178	0.9309350000000001	0.5097689999999999	0.17728	0.431526	4.28991	2.0	92.241355	0.540245	1.0	0.015097999999999999	0.282326	4.0	0.044502999999999994	2.8722950000000003	4.0	0.063957	26.216162	6.0	76.084774	1.2584389999999999	6.0	27.827559	7.090733999999999	3.0	0.019336000000000002	2.289174	2.0	3.956786	0.8646280000000001	5.0	0.11616300000000002	0.24839499999999998	3.0	0.0214	0.09417400000000001	2.0	8.468509	2.76	5.0	0.084914	13.045664	5.0	0.011762
1717	3	26.266328	30.589553000000002	89.69358199999999	50.919287	53.082131999999994	0.31058800000000003	0.279043	0.323628	0.14032999999999998	0.799678	3.724799	5.0	24.181154	1.579887	3.0	0.02315	2.3889299999999998	4.0	0.013559	2.072559	1.0	0.013828	55.546112	1.0	51.084233000000005	0.046465	6.0	51.297378	5.598747	1.0	0.015248	2.608931	6.0	49.775455	0.049599000000000004	5.0	0.011134999999999999	0.12270199999999999	5.0	0.015584	3.1201849999999998	5.0	75.089462	4.654934	2.0	0.048573000000000005	1.5506799999999998	3.0	0.012076
1773	3	86.019054	69.76543000000001	42.098007	91.259141	96.154126	0.256286	0.941002	0.476808	0.979282	0.42407	0.33674499999999996	6.0	14.269557	0.181478	3.0	0.026348000000000003	3.9724180000000002	5.0	0.031915	3.9490309999999997	1.0	0.019522	14.749594	3.0	14.156707	0.223673	3.0	61.925830000000005	0.9250299999999999	5.0	0.053915	4.566733999999999	5.0	3.446025	1.1510479999999998	4.0	0.017254	1.26027	3.0	0.013324	3.638817	5.0	36.315459000000004	1.8849209999999998	2.0	0.019013	14.429031	5.0	0.047367
1820	3	73.737176	15.368269	91.96146999999999	56.211064	39.699065000000004	0.215602	0.698353	0.7357100000000001	0.749455	0.398318	4.293702	1.0	29.257732	0.811552	3.0	0.027719	0.240202	5.0	0.035976	0.804312	6.0	0.019951	26.013273	6.0	70.748183	1.648675	4.0	88.070398	1.075461	6.0	0.014601	4.441109	3.0	10.218784	0.426138	6.0	0.45589799999999997	0.057673	2.0	0.012494	3.391921	5.0	8.215963	1.8749959999999999	1.0	0.16410999999999998	5.80954	6.0	0.012218999999999999
1846	3	36.546872	36.965435	12.350596000000001	34.59514	60.91475500000001	0.419784	0.247848	0.857065	0.586692	0.735699	2.828132	1.0	82.825764	0.8663360000000001	4.0	0.013161	1.947523	3.0	0.028435000000000002	4.006241999999999	1.0	0.079649	31.457511	3.0	11.856899	1.3607420000000001	3.0	40.815503	9.591892999999999	2.0	0.012825	2.8395580000000002	1.0	29.373471999999996	0.5593060000000001	5.0	0.025463	1.489463	6.0	0.012284999999999999	2.6186979999999997	2.0	23.57399	2.153066	6.0	0.063579	8.887936999999999	4.0	0.030247000000000003
1887	3	18.937749	60.780115	23.728908999999998	98.864506	38.722972	0.19838699999999998	0.9005700000000001	0.448578	0.521167	0.440313	1.118718	2.0	84.57723	0.310487	2.0	0.028499	2.184273	3.0	0.086382	4.095516	2.0	0.013658000000000002	31.432538	5.0	34.202018	0.596295	6.0	96.46409	1.12069	4.0	0.021116	4.502217	1.0	84.867581	1.25279	4.0	0.031119	0.500135	2.0	0.01255	0.993808	2.0	90.434969	1.978891	2.0	0.226158	4.5646260000000005	5.0	0.021952
1897	3	43.023872999999995	81.605277	45.661039	5.547521	60.681053000000006	0.942715	0.727015	0.300014	0.48752399999999996	0.23486700000000002	2.116172	3.0	65.11493	0.49955299999999997	6.0	0.016493	3.356297	2.0	0.100511	2.18397	3.0	0.056446	48.400690999999995	3.0	90.579984	0.247932	4.0	74.35728	2.289413	3.0	0.11996099999999998	1.4432989999999999	5.0	49.840837	1.43844	1.0	0.010343999999999999	4.210281	3.0	0.011397	2.746413	5.0	96.411826	1.315377	6.0	0.059127	5.160304	2.0	0.808639
1957	3	75.32978299999999	91.93239100000001	67.163218	42.748238	42.004711	0.78081	0.416687	0.932291	0.34705199999999997	0.9243120000000001	2.891897	1.0	9.746199	1.3393680000000001	4.0	0.024081	0.937865	1.0	0.09778200000000001	3.5762059999999996	5.0	0.011946	54.84454399999999	1.0	21.363842	1.613492	3.0	65.328838	2.0699349999999996	3.0	0.015989	2.1541740000000003	6.0	62.172464	0.714148	1.0	0.012978	2.684956	3.0	0.028963	1.122768	4.0	15.640722	0.8823540000000001	5.0	0.552873	11.780896	1.0	0.032361
1995	3	97.08406	5.524966	44.155459	42.209973	80.085326	0.334897	0.426126	0.30364800000000003	0.39368000000000003	0.398431	0.676335	3.0	41.658809000000005	1.180366	6.0	0.043662	4.155832	3.0	0.015333000000000001	0.503707	6.0	0.011970999999999999	45.150938000000004	5.0	63.331579000000005	0.17281	5.0	98.838447	0.5969899999999999	3.0	0.014611	3.213889	1.0	94.69106	1.363668	6.0	0.026688999999999997	0.424048	4.0	0.015184	2.453749	1.0	6.468229	4.173193	2.0	0.010331	2.803399	5.0	0.011777
2002	3	55.496638	24.295222	63.065752	80.68776899999999	96.86811999999999	0.756586	0.553982	0.568192	0.507328	0.929371	2.723989	4.0	30.875109000000002	1.6426619999999998	2.0	0.016763	2.0374220000000003	3.0	0.013288	2.115264	5.0	0.099593	48.173543	4.0	16.091755	0.605406	1.0	61.49292	7.8580119999999996	2.0	0.011371	0.752074	1.0	81.565079	0.195127	5.0	0.033223	3.70378	5.0	0.022784	0.701624	6.0	30.744221000000003	2.097514	4.0	0.048357	2.192095	1.0	0.012169
2006	3	74.47197	88.791735	9.891864	32.65129	49.896693	0.9504229999999999	0.424971	0.494979	0.501138	0.225597	0.270958	5.0	52.258829999999996	0.431712	1.0	0.04553	0.7378170000000001	6.0	0.163356	3.335753	6.0	0.010331	30.265196999999997	6.0	94.570963	0.791043	5.0	3.9067629999999998	4.056153	6.0	0.04281	2.684511	4.0	71.49740200000001	1.7619240000000003	6.0	0.019734	2.969423	5.0	0.037259	1.008152	6.0	79.429346	4.013855	5.0	0.061822	10.26863	6.0	0.012322
2038	3	26.647378000000003	28.83254	49.748818	99.019482	38.02981	0.540525	0.828727	0.257337	0.690647	0.196908	2.560302	5.0	19.317956	1.012338	1.0	0.022086	0.887805	6.0	0.16689600000000002	1.29926	6.0	0.016819999999999998	38.574674	5.0	74.209713	0.769139	1.0	24.259323000000002	0.605743	2.0	0.373448	3.746629	5.0	81.38956400000001	0.617119	1.0	0.015429	2.1620619999999997	6.0	0.012642	3.977075	1.0	28.300915999999997	3.3354120000000003	2.0	0.0183	0.350611	2.0	0.1802
2093	3	70.312038	66.105012	8.241985000000001	61.845086	75.789573	0.37444	0.397348	0.739017	0.844513	0.320812	2.228673	5.0	6.561632	1.2495100000000001	6.0	0.012623	4.353059	1.0	0.042816	4.491637	5.0	0.017759999999999998	4.262022	5.0	48.140131	1.373291	3.0	81.358838	9.301736	5.0	0.026376999999999998	0.623916	6.0	83.429539	1.8280610000000002	1.0	0.010804000000000001	4.474547	6.0	0.023926	3.316204	4.0	16.329517000000003	0.687397	1.0	0.028936	9.168567	4.0	0.020719
2101	3	25.207407	6.8989910000000005	69.573293	88.472161	26.076683	0.256349	0.668442	0.76888	0.7570520000000001	0.146583	0.305271	1.0	42.58984	1.9099540000000002	4.0	0.022619999999999998	1.971312	2.0	0.017478999999999998	2.003139	6.0	0.090585	32.829676	4.0	28.171968	1.232715	5.0	51.530873	3.3830519999999997	5.0	0.08937200000000001	4.3723220000000005	3.0	21.815389	1.247148	6.0	0.014191	1.4956479999999999	3.0	0.013904	1.585813	1.0	76.527055	1.0720969999999999	1.0	0.013775	13.540929	1.0	0.055359000000000005
2133	3	63.914279	55.623487	39.372328	35.927572	81.238964	0.389281	0.414058	0.948699	0.47163299999999997	0.603292	4.751306	3.0	71.746774	0.168157	4.0	0.06763999999999999	3.743522	2.0	0.028906	0.10519300000000001	3.0	0.013791999999999999	6.369238	6.0	70.88381	1.271376	1.0	65.78955	9.583915	6.0	0.020973	0.412415	1.0	18.621139000000003	1.635428	4.0	0.025669	1.535205	4.0	0.013138	3.140572	1.0	2.9001799999999998	3.179651	4.0	0.065762	4.211892	2.0	0.045583
2207	3	73.722892	7.560263000000001	50.143995000000004	11.709197999999999	17.443637	0.24009899999999998	0.311249	0.23293000000000003	0.199978	0.578796	4.235265	1.0	60.619365	2.068087	4.0	0.018703	1.897413	2.0	0.023133	1.324027	6.0	0.058702	23.70427	3.0	85.38849499999999	0.360869	6.0	36.294651	13.763659	2.0	0.012094	2.557984	2.0	62.489743999999995	1.320111	5.0	0.012883000000000002	1.960509	5.0	0.019962999999999998	0.339079	5.0	30.440210999999998	2.678778	2.0	0.275667	8.435018	6.0	0.023728
2271	3	77.787199	19.776567	99.103449	19.436203	30.305896999999998	0.526714	0.11126199999999999	0.138916	0.6804680000000001	0.5038050000000001	2.50791	5.0	60.030007999999995	0.8305739999999999	2.0	0.059059	0.859944	2.0	0.016358	2.139634	3.0	0.011068000000000001	15.941495000000002	3.0	40.988102000000005	0.090764	3.0	97.789728	8.430684	5.0	0.01395	4.564348000000001	6.0	47.436448999999996	0.226998	4.0	0.011386	4.194923	2.0	0.010545	1.718186	5.0	72.18448599999999	3.1753150000000003	3.0	0.043918	0.547157	1.0	0.021619
2272	3	5.260326	76.917293	4.0504620000000005	38.571304	19.886259	0.270571	0.8120470000000001	0.495154	0.9192629999999999	0.290109	0.220552	4.0	48.372165	0.69698	3.0	0.011422	3.892038	1.0	0.010709999999999999	0.594256	5.0	0.013316	6.100096	4.0	69.12405799999999	0.682288	3.0	71.155867	13.410119	2.0	0.03635	4.175687	3.0	82.720954	0.306789	4.0	0.01939	4.0474120000000005	6.0	0.028707	1.25586	2.0	52.543707999999995	0.779814	1.0	0.058852	12.686409	4.0	0.01959
2273	3	70.82531	10.516973	74.3672	17.92069	80.96956800000001	0.47385900000000003	0.872532	0.391916	0.7581220000000001	0.561236	0.709497	3.0	51.013426	0.741533	3.0	0.015606	4.19246	5.0	0.014055000000000002	0.369517	3.0	0.051675	8.249933	3.0	70.56027399999999	0.396012	3.0	60.33729399999999	9.600511000000001	4.0	0.018019999999999998	0.817697	5.0	33.666866999999996	2.0214849999999998	1.0	0.010615000000000001	2.12174	3.0	0.010559	2.694954	3.0	53.856156999999996	4.122473	1.0	0.010462	0.227496	2.0	0.024273
2314	3	34.293407	61.410219999999995	19.771822	27.888303000000004	70.36604100000001	0.91794	0.8846299999999999	0.773155	0.364555	0.789089	2.51979	3.0	7.374741	0.709378	6.0	0.010443000000000001	0.587251	3.0	0.626598	2.422604	1.0	0.708043	49.276998999999996	1.0	98.771814	1.549703	6.0	90.605767	14.363226000000001	3.0	0.035454	1.6180299999999999	1.0	17.870642999999998	0.034427	1.0	0.014188	0.16461099999999998	5.0	0.028444	3.430414	5.0	33.596443	1.4394850000000001	1.0	0.016293000000000002	2.56776	3.0	0.01293
2327	3	91.609957	23.494944	53.717668999999994	42.007296000000004	19.512928	0.121254	0.424225	0.54119	0.578159	0.163156	3.205811	6.0	85.728379	0.9191799999999999	2.0	0.203255	1.384852	4.0	0.020966	0.055286	6.0	0.057559000000000006	27.606741999999997	6.0	34.452273999999996	0.97615	2.0	83.840878	8.564822999999999	5.0	0.013373	3.7680599999999997	5.0	66.508376	1.427186	2.0	0.010473999999999999	1.895792	6.0	0.027031	1.2118209999999998	1.0	64.232222	1.798962	4.0	0.012473	11.101751	2.0	0.687099
2379	3	80.612255	71.385029	18.109326	60.309817	75.208575	0.388356	0.9175700000000001	0.24582800000000002	0.92511	0.301544	1.30266	6.0	88.37541	1.9397389999999999	2.0	0.217127	0.345878	1.0	0.01215	2.333277	6.0	0.011932	44.316502	3.0	37.751325	0.902848	4.0	70.372924	12.474963	6.0	0.028858999999999996	2.955478	2.0	26.979421999999996	0.146335	2.0	0.7307239999999999	3.991429	5.0	0.018187000000000002	1.9910709999999998	5.0	3.5897660000000005	2.954662	3.0	0.017928	7.005665	1.0	0.010126999999999999
